=== 030__sub_A_empty.accdb  (68,1) len=156 ===
BODY:
  Sub A()
  End Sub

  0000  72 55 40 00 00 00 00 00 00 00 00 00 00 00 00 00 00 00 40 00 00 00 00 00 00 00 40 00 00 00 00 00   |rU@...............@.......@.....|
  0020  00 00 00 00 00 00 00 00 00 00 1a 00 00 00 00 00 00 00 11 00 00 00 00 00 00 00 00 00 02 00 ff ff   |................................|
  0040  ff ff ff ff ff ff ff ff ff ff 00 00 00 00 10 00 00 00 08 00 38 00 f1 00 00 00 00 00 00 00 00 00   |....................8...........|
  0060  02 00 00 00 00 60 00 00 fd ff ff ff ff ff ff ff ff ff ff ff ff ff ff ff ff ff ff ff 00 00 00 00   |.....`..........................|
  0080  00 00 00 00 00 00 00 00 00 00 00 00 62 00 00 00 00 00 00 7f 00 00 00 00 00 00 00 00               |............b...............|

=== 040__sub_msgbox_hello.accdb  (68,1) len=393 ===
BODY:
  Sub A()
      MsgBox "hello"
  End Sub

  0000  72 55 40 00 00 00 00 00 00 00 40 00 00 00 00 00 00 00 40 00 00 00 00 00 00 00 40 00 00 00 00 00   |rU@.......@.......@.......@.....|
  0020  00 00 04 00 00 00 00 00 00 7e 78 00 00 00 00 00 00 7f 00 00 00 00 00 00 00 00 1a 00 00 00 00 00   |.........~x.....................|
  0040  00 00 11 00 00 00 00 00 00 00 00 00 00 00 11 00 00 00 00 00 00 00 00 00 03 00 10 00 00 00 00 00   |................................|
  0060  00 00 00 00 02 00 01 00 00 00 02 00 00 00 11 08 00 00 00 00 00 00 00 00 00 00 b1 07 00 00 00 00   |................................|
  0080  00 00 00 00 00 00 c0 00 00 00 00 00 00 00 5c 00 00 00 00 00 00 00 67 02 06 00 00 00 67 02 4c 00   |..............\.......g.....g.L.|
  00a0  00 00 f1 01 40 ff ff ff f1 01 70 ff ff ff f1 01 a0 ff ff ff f0 05 00 00 00 00 fe 05 e8 ff ff ff   |....@.....p.....................|
  00c0  01 00 49 06 d0 ff ff ff 9f 02 d0 ff ff ff ff 04 00 00 28 00 ea 05 08 00 d0 ff ff ff a0 ff ff ff   |..I...............(.............|
  00e0  70 ff ff ff 40 ff ff ff 67 02 00 00 00 00 7b 02 30 00 00 00 00 00 00 00 00 00 08 00 c0 00 5c 00   |p...@...g.....{.0.............\.|
  0100  00 00 38 00 00 00 04 00 00 00 00 00 00 00 00 00 00 00 00 00 00 00 14 00 00 00 00 00 00 00 00 00   |..8.............................|
  0120  00 00 00 00 00 00 00 00 00 00 2c 00 00 00 00 00 00 00 00 00 04 00 00 00 00 00 00 00 00 00 d0 ff   |..........,.....................|
  0140  ff ff 02 00 a0 ff ff ff 02 00 70 ff ff ff 02 00 40 ff ff ff 02 00 0c 00 00 00 00 00 00 12 00 00   |..........p.....@...............|
  0160  61 01 00 00 00 00 00 00 00 00 02 00 1e 00 00 00 00 00 00 0e 00 00 53 00 14 34 00 00 00 00 00 00   |a.....................S..4......|
  0180  7f 00 00 00 00 00 00 00 00                                                                        |.........|

=== 041__sub_msgbox_world.accdb  (68,1) len=393 ===
BODY:
  Sub A()
      MsgBox "world"
  End Sub

  0000  72 55 40 00 00 00 00 00 00 00 40 00 00 00 00 00 00 00 40 00 00 00 00 00 00 00 40 00 00 00 00 00   |rU@.......@.......@.......@.....|
  0020  00 00 04 00 00 00 00 00 00 7e 78 00 00 00 00 00 00 7f 00 00 00 00 00 00 00 00 1a 00 00 00 00 00   |.........~x.....................|
  0040  00 00 11 00 00 00 00 00 00 00 00 00 00 00 11 00 00 00 00 00 00 00 00 00 03 00 10 00 00 00 00 00   |................................|
  0060  00 00 00 00 02 00 01 00 00 00 02 00 00 00 11 08 00 00 00 00 00 00 00 00 00 00 b1 07 00 00 00 00   |................................|
  0080  00 00 00 00 00 00 c0 00 00 00 00 00 00 00 5c 00 00 00 00 00 00 00 67 02 06 00 00 00 67 02 4c 00   |..............\.......g.....g.L.|
  00a0  00 00 f1 01 40 ff ff ff f1 01 70 ff ff ff f1 01 a0 ff ff ff f0 05 00 00 00 00 fe 05 e8 ff ff ff   |....@.....p.....................|
  00c0  01 00 49 06 d0 ff ff ff 9f 02 d0 ff ff ff ff 04 00 00 28 00 ea 05 08 00 d0 ff ff ff a0 ff ff ff   |..I...............(.............|
  00e0  70 ff ff ff 40 ff ff ff 67 02 00 00 00 00 7b 02 95 a9 00 00 00 00 00 00 00 00 08 00 c0 00 5c 00   |p...@...g.....{...............\.|
  0100  00 00 38 00 00 00 04 00 00 00 00 00 00 00 00 00 00 00 00 00 00 00 14 00 00 00 00 00 00 00 00 00   |..8.............................|
  0120  00 00 00 00 00 00 00 00 00 00 2c 00 00 00 00 00 00 00 00 00 04 00 00 00 00 00 00 00 00 00 d0 ff   |..........,.....................|
  0140  ff ff 02 00 a0 ff ff ff 02 00 70 ff ff ff 02 00 40 ff ff ff 02 00 0c 00 00 00 00 00 00 12 00 00   |..........p.....@...............|
  0160  61 01 00 00 00 00 00 00 00 00 02 00 1e 00 00 00 00 00 00 0e 00 00 53 00 14 34 00 00 00 00 00 00   |a.....................S..4......|
  0180  7f 00 00 00 00 00 00 00 00                                                                        |.........|

=== 042__sub_msgbox_long.accdb  (68,1) len=393 ===
BODY:
  Sub A()
      MsgBox "a much longer literal that is clearly not stored inline"
  End Sub

  0000  72 55 40 00 00 00 00 00 00 00 40 00 00 00 00 00 00 00 40 00 00 00 00 00 00 00 40 00 00 00 00 00   |rU@.......@.......@.......@.....|
  0020  00 00 04 00 00 00 00 00 00 7e 78 00 00 00 00 00 00 7f 00 00 00 00 00 00 00 00 1a 00 00 00 00 00   |.........~x.....................|
  0040  00 00 11 00 00 00 00 00 00 00 00 00 00 00 11 00 00 00 00 00 00 00 00 00 03 00 10 00 00 00 00 00   |................................|
  0060  00 00 00 00 02 00 01 00 00 00 02 00 00 00 41 09 00 00 00 00 00 00 00 00 00 00 11 08 00 00 00 00   |..............A.................|
  0080  00 00 00 00 00 00 c0 00 00 00 00 00 00 00 5c 00 00 00 00 00 00 00 67 02 06 00 00 00 67 02 4c 00   |..............\.......g.....g.L.|
  00a0  00 00 f1 01 40 ff ff ff f1 01 70 ff ff ff f1 01 a0 ff ff ff f0 05 00 00 00 00 fe 05 e8 ff ff ff   |....@.....p.....................|
  00c0  01 00 49 06 d0 ff ff ff 9f 02 d0 ff ff ff ff 04 00 00 28 00 ea 05 08 00 d0 ff ff ff a0 ff ff ff   |..I...............(.............|
  00e0  70 ff ff ff 40 ff ff ff 67 02 00 00 00 00 7b 02 33 00 00 00 00 00 00 00 00 00 08 00 c0 00 5c 00   |p...@...g.....{.3.............\.|
  0100  00 00 38 00 00 00 04 00 00 00 00 00 00 00 00 00 00 00 00 00 00 00 14 00 00 00 00 00 00 00 00 00   |..8.............................|
  0120  00 00 00 00 00 00 00 00 00 00 2c 00 00 00 00 00 00 00 00 00 04 00 00 00 00 00 00 00 00 00 d0 ff   |..........,.....................|
  0140  ff ff 02 00 a0 ff ff ff 02 00 70 ff ff ff 02 00 40 ff ff ff 02 00 0c 00 00 00 00 00 00 12 00 00   |..........p.....@...............|
  0160  61 01 00 00 00 00 00 00 00 00 02 00 1e 00 00 00 00 00 00 0e 00 00 53 00 14 34 00 00 00 00 00 00   |a.....................S..4......|
  0180  7f 00 00 00 00 00 00 00 00                                                                        |.........|

=== 043__sub_msgbox_two.accdb  (68,1) len=481 ===
BODY:
  Sub A()
      MsgBox "one"
      MsgBox "two"
  End Sub

  0000  72 55 40 00 00 00 00 00 00 00 40 00 00 00 00 00 00 00 40 00 00 00 00 00 00 00 40 00 00 00 00 00   |rU@.......@.......@.......@.....|
  0020  00 00 04 00 00 00 00 00 00 7e 78 00 00 00 00 00 00 7f 00 00 00 00 00 00 00 00 1a 00 00 00 00 00   |.........~x.....................|
  0040  00 00 11 00 00 00 00 00 00 00 00 00 00 00 11 00 00 00 00 00 00 00 00 00 03 00 10 00 00 00 00 00   |................................|
  0060  00 00 00 00 02 00 01 00 00 00 03 00 00 00 11 08 00 00 00 00 00 00 00 00 00 00 b1 07 00 00 00 00   |................................|
  0080  00 00 00 00 00 00 e1 09 00 00 00 00 00 00 00 00 00 00 0c 01 00 00 00 00 00 00 a8 00 00 00 00 00   |................................|
  00a0  00 00 67 02 06 00 00 00 67 02 4c 00 00 00 f1 01 40 ff ff ff f1 01 70 ff ff ff f1 01 a0 ff ff ff   |..g.....g.L.....@.....p.........|
  00c0  f0 05 00 00 00 00 fe 05 e8 ff ff ff 01 00 49 06 d0 ff ff ff 9f 02 d0 ff ff ff ff 04 00 00 28 00   |..............I...............(.|
  00e0  ea 05 08 00 d0 ff ff ff a0 ff ff ff 70 ff ff ff 40 ff ff ff 67 02 4c 00 00 00 f1 01 40 ff ff ff   |............p...@...g.L.....@...|
  0100  f1 01 70 ff ff ff f1 01 a0 ff ff ff f0 05 00 00 00 00 fe 05 e8 ff ff ff 02 00 49 06 d0 ff ff ff   |..p.......................I.....|
  0120  9f 02 d0 ff ff ff ff 04 00 00 28 00 ea 05 08 00 d0 ff ff ff a0 ff ff ff 70 ff ff ff 40 ff ff ff   |..........(.............p...@...|
  0140  67 02 00 00 00 00 7b 02 30 00 00 00 00 00 00 00 00 00 08 00 c0 00 a8 00 00 00 38 00 00 00 04 00   |g.....{.0.................8.....|
  0160  00 00 00 00 00 00 00 00 00 00 00 00 00 00 14 00 00 00 00 00 00 00 00 00 00 00 00 00 00 00 00 00   |................................|
  0180  00 00 2c 00 00 00 00 00 00 00 00 00 04 00 00 00 00 00 00 00 00 00 d0 ff ff ff 02 00 a0 ff ff ff   |..,.............................|
  01a0  02 00 70 ff ff ff 02 00 40 ff ff ff 02 00 0c 00 00 00 00 00 00 12 00 00 61 01 00 00 00 00 00 00   |..p.....@...............a.......|
  01c0  00 00 02 00 1e 00 00 00 00 00 00 0e 00 00 53 00 14 34 00 00 00 00 00 00 7f 00 00 00 00 00 00 00   |..............S..4..............|
  01e0  00                                                                                                |.|

=== 044__sub_dim_int.accdb  (68,1) len=269 ===
BODY:
  Sub A()
      Dim x As Integer
  End Sub

  0000  72 55 40 00 00 00 00 00 00 00 40 00 00 00 00 00 00 00 40 00 00 00 00 00 00 00 40 00 00 00 00 00   |rU@.......@.......@.......@.....|
  0020  00 00 04 00 00 00 00 00 00 7e 78 00 00 00 00 00 00 7f 00 00 00 00 00 00 00 00 1a 00 00 00 00 00   |.........~x.....................|
  0040  00 00 11 00 00 00 00 00 00 00 00 00 00 00 11 00 00 00 00 00 00 00 00 00 03 00 10 00 00 00 00 00   |................................|
  0060  00 00 00 00 02 00 01 00 00 00 00 00 00 00 5c 00 00 00 00 00 00 00 10 00 00 00 00 00 00 00 67 02   |..............\...............g.|
  0080  06 00 00 00 67 02 00 00 00 00 7b 02 6e 00 00 00 00 00 00 00 00 00 08 00 08 00 10 00 00 00 38 00   |....g.....{.n.................8.|
  00a0  00 00 04 00 00 00 00 00 00 00 00 00 00 00 00 00 00 00 14 00 00 00 00 00 00 00 00 00 00 00 00 00   |................................|
  00c0  00 00 00 00 00 00 14 00 00 00 00 00 00 00 00 00 00 00 00 00 00 00 00 00 00 00 0c 00 00 00 00 00   |................................|
  00e0  00 12 00 00 61 01 00 00 00 00 00 00 00 00 02 00 1e 00 00 00 00 00 00 0e 00 00 53 00 14 34 00 00   |....a.....................S..4..|
  0100  00 00 00 00 7f 00 00 00 00 00 00 00 00                                                            |.............|

=== 045__sub_dim_long.accdb  (68,1) len=269 ===
BODY:
  Sub A()
      Dim x As Long
  End Sub

  0000  72 55 40 00 00 00 00 00 00 00 40 00 00 00 00 00 00 00 40 00 00 00 00 00 00 00 40 00 00 00 00 00   |rU@.......@.......@.......@.....|
  0020  00 00 04 00 00 00 00 00 00 7e 78 00 00 00 00 00 00 7f 00 00 00 00 00 00 00 00 1a 00 00 00 00 00   |.........~x.....................|
  0040  00 00 11 00 00 00 00 00 00 00 00 00 00 00 11 00 00 00 00 00 00 00 00 00 03 00 10 00 00 00 00 00   |................................|
  0060  00 00 00 00 02 00 01 00 00 00 00 00 00 00 5c 00 00 00 00 00 00 00 10 00 00 00 00 00 00 00 67 02   |..............\...............g.|
  0080  06 00 00 00 67 02 00 00 00 00 7b 02 53 00 00 00 00 00 00 00 00 00 08 00 08 00 10 00 00 00 38 00   |....g.....{.S.................8.|
  00a0  00 00 04 00 00 00 00 00 00 00 00 00 00 00 00 00 00 00 14 00 00 00 00 00 00 00 00 00 00 00 00 00   |................................|
  00c0  00 00 00 00 00 00 14 00 00 00 00 00 00 00 00 00 00 00 00 00 00 00 00 00 00 00 0c 00 00 00 00 00   |................................|
  00e0  00 12 00 00 61 01 00 00 00 00 00 00 00 00 02 00 1e 00 00 00 00 00 00 0e 00 00 53 00 14 34 00 00   |....a.....................S..4..|
  0100  00 00 00 00 7f 00 00 00 00 00 00 00 00                                                            |.............|

=== 046__sub_dim_string.accdb  (68,1) len=277 ===
BODY:
  Sub A()
      Dim x As String
  End Sub

  0000  72 55 40 00 00 00 00 00 00 00 40 00 00 00 00 00 00 00 40 00 00 00 00 00 00 00 40 00 00 00 00 00   |rU@.......@.......@.......@.....|
  0020  00 00 04 00 00 00 00 00 00 7e 78 00 00 00 00 00 00 7f 00 00 00 00 00 00 00 00 1a 00 00 00 00 00   |.........~x.....................|
  0040  00 00 11 00 00 00 00 00 00 00 00 00 00 00 11 00 00 00 00 00 00 00 00 00 03 00 10 00 00 00 00 00   |................................|
  0060  00 00 00 00 02 00 01 00 00 00 00 00 00 00 64 00 00 00 00 00 00 00 10 00 00 00 00 00 00 00 67 02   |..............d...............g.|
  0080  06 00 00 00 67 02 00 00 00 00 7b 02 53 00 00 00 00 00 00 00 00 00 08 00 08 00 10 00 00 00 40 00   |....g.....{.S.................@.|
  00a0  00 00 04 00 00 00 00 00 00 00 00 00 00 00 00 00 00 00 1a 00 00 00 00 00 00 00 00 00 01 00 00 00   |................................|
  00c0  00 00 00 00 00 00 f8 ff ff ff 01 00 31 00 14 00 00 00 00 00 00 00 00 00 00 00 00 00 00 00 00 00   |............1...................|
  00e0  00 00 0c 00 00 00 00 00 00 12 00 00 61 01 00 00 00 00 00 00 00 00 02 00 1e 00 00 00 00 00 00 0e   |............a...................|
  0100  00 00 53 00 14 34 00 00 00 00 00 00 7f 00 00 00 00 00 00 00 00                                    |..S..4...............|

=== 047__sub_let_int.accdb  (68,1) len=281 ===
BODY:
  Sub A()
      Dim x As Integer
      x = 7
  End Sub

  0000  72 55 40 00 00 00 00 00 00 00 40 00 00 00 00 00 00 00 40 00 00 00 00 00 00 00 40 00 00 00 00 00   |rU@.......@.......@.......@.....|
  0020  00 00 04 00 00 00 00 00 00 7e 78 00 00 00 00 00 00 7f 00 00 00 00 00 00 00 00 1a 00 00 00 00 00   |.........~x.....................|
  0040  00 00 11 00 00 00 00 00 00 00 00 00 00 00 11 00 00 00 00 00 00 00 00 00 03 00 10 00 00 00 00 00   |................................|
  0060  00 00 00 00 02 00 01 00 00 00 00 00 00 00 68 00 00 00 00 00 00 00 1c 00 00 00 00 00 00 00 67 02   |..............h...............g.|
  0080  06 00 00 00 67 02 0e 00 00 00 77 06 b1 02 f8 ff ff ff 67 02 00 00 00 00 7b 02 00 00 00 00 00 00   |....g.....w.......g.....{.......|
  00a0  00 00 08 00 08 00 1c 00 00 00 38 00 00 00 04 00 00 00 00 00 00 00 00 00 00 00 00 00 00 00 14 00   |..........8.....................|
  00c0  00 00 00 00 00 00 00 00 00 00 00 00 00 00 00 00 00 00 14 00 00 00 00 00 00 00 00 00 00 00 00 00   |................................|
  00e0  00 00 00 00 00 00 0c 00 00 00 00 00 00 12 00 00 61 01 00 00 00 00 00 00 00 00 02 00 1e 00 00 00   |................a...............|
  0100  00 00 00 0e 00 00 53 00 14 34 00 00 00 00 00 00 7f 00 00 00 00 00 00 00 00                        |......S..4...............|

=== 048__sub_let_int_42.accdb  (68,1) len=285 ===
BODY:
  Sub A()
      Dim x As Integer
      x = 42
  End Sub

  0000  72 55 40 00 00 00 00 00 00 00 40 00 00 00 00 00 00 00 40 00 00 00 00 00 00 00 40 00 00 00 00 00   |rU@.......@.......@.......@.....|
  0020  00 00 04 00 00 00 00 00 00 7e 78 00 00 00 00 00 00 7f 00 00 00 00 00 00 00 00 1a 00 00 00 00 00   |.........~x.....................|
  0040  00 00 11 00 00 00 00 00 00 00 00 00 00 00 11 00 00 00 00 00 00 00 00 00 03 00 10 00 00 00 00 00   |................................|
  0060  00 00 00 00 02 00 01 00 00 00 00 00 00 00 6c 00 00 00 00 00 00 00 20 00 00 00 00 00 00 00 67 02   |..............l....... .......g.|
  0080  06 00 00 00 67 02 10 00 00 00 ed 05 2a 00 b1 02 f8 ff ff ff 67 02 00 00 00 00 7b 02 61 00 00 00   |....g.......*.......g.....{.a...|
  00a0  00 00 00 00 00 00 08 00 08 00 20 00 00 00 38 00 00 00 04 00 00 00 00 00 00 00 00 00 00 00 00 00   |.......... ...8.................|
  00c0  00 00 14 00 00 00 00 00 00 00 00 00 00 00 00 00 00 00 00 00 00 00 14 00 00 00 00 00 00 00 00 00   |................................|
  00e0  00 00 00 00 00 00 00 00 00 00 0c 00 00 00 00 00 00 12 00 00 61 01 00 00 00 00 00 00 00 00 02 00   |....................a...........|
  0100  1e 00 00 00 00 00 00 0e 00 00 53 00 14 34 00 00 00 00 00 00 7f 00 00 00 00 00 00 00 00            |..........S..4...............|

=== 049__sub_comment_only.accdb  (68,1) len=269 ===
BODY:
  Sub A()
      ' a comment
  End Sub

  0000  72 55 40 00 00 00 00 00 00 00 40 00 00 00 00 00 00 00 40 00 00 00 00 00 00 00 40 00 00 00 00 00   |rU@.......@.......@.......@.....|
  0020  00 00 04 00 00 00 00 00 00 7e 78 00 00 00 00 00 00 7f 00 00 00 00 00 00 00 00 1a 00 00 00 00 00   |.........~x.....................|
  0040  00 00 11 00 00 00 00 00 00 00 00 00 00 00 11 00 00 00 00 00 00 00 00 00 03 00 10 00 00 00 00 00   |................................|
  0060  00 00 00 00 02 00 01 00 00 00 00 00 00 00 5c 00 00 00 00 00 00 00 10 00 00 00 00 00 00 00 67 02   |..............\...............g.|
  0080  06 00 00 00 67 02 00 00 00 00 7b 02 6e 00 00 00 00 00 00 00 00 00 08 00 00 00 10 00 00 00 38 00   |....g.....{.n.................8.|
  00a0  00 00 04 00 00 00 00 00 00 00 00 00 00 00 00 00 00 00 14 00 00 00 00 00 00 00 00 00 00 00 00 00   |................................|
  00c0  00 00 00 00 00 00 14 00 00 00 00 00 00 00 00 00 00 00 00 00 00 00 00 00 00 00 0c 00 00 00 00 00   |................................|
  00e0  00 12 00 00 61 01 00 00 00 00 00 00 00 00 02 00 1e 00 00 00 00 00 00 0e 00 00 53 00 14 34 00 00   |....a.....................S..4..|
  0100  00 00 00 00 7f 00 00 00 00 00 00 00 00                                                            |.............|

=== 050__sub_if_true.accdb  (68,1) len=409 ===
BODY:
  Sub A()
      If True Then MsgBox "y"
  End Sub

  0000  72 55 40 00 00 00 00 00 00 00 40 00 00 00 00 00 00 00 40 00 00 00 00 00 00 00 40 00 00 00 00 00   |rU@.......@.......@.......@.....|
  0020  00 00 04 00 00 00 00 00 00 7e 78 00 00 00 00 00 00 7f 00 00 00 00 00 00 00 00 1a 00 00 00 00 00   |.........~x.....................|
  0040  00 00 11 00 00 00 00 00 00 00 00 00 00 00 11 00 00 00 00 00 00 00 00 00 03 00 10 00 00 00 00 00   |................................|
  0060  00 00 00 00 02 00 01 00 00 00 02 00 00 00 11 08 00 00 00 00 00 00 00 00 00 00 b1 07 00 00 00 00   |................................|
  0080  00 00 00 00 00 00 d0 00 00 00 00 00 00 00 6c 00 00 00 00 00 00 00 67 02 06 00 00 00 67 02 10 00   |..............l.......g.....g...|
  00a0  00 00 ed 05 ff ff c7 02 62 00 00 00 67 02 4c 00 00 00 f1 01 40 ff ff ff f1 01 70 ff ff ff f1 01   |........b...g.L.....@.....p.....|
  00c0  a0 ff ff ff f0 05 00 00 00 00 fe 05 e8 ff ff ff 01 00 49 06 d0 ff ff ff 9f 02 d0 ff ff ff ff 04   |..................I.............|
  00e0  00 00 28 00 ea 05 08 00 d0 ff ff ff a0 ff ff ff 70 ff ff ff 40 ff ff ff 67 02 00 00 00 00 7b 02   |..(.............p...@...g.....{.|
  0100  43 00 00 00 00 00 00 00 00 00 08 00 c0 00 6c 00 00 00 38 00 00 00 04 00 00 00 00 00 00 00 00 00   |C.............l...8.............|
  0120  00 00 00 00 00 00 14 00 00 00 00 00 00 00 00 00 00 00 00 00 00 00 00 00 00 00 2c 00 00 00 00 00   |..........................,.....|
  0140  00 00 00 00 04 00 00 00 00 00 00 00 00 00 d0 ff ff ff 02 00 a0 ff ff ff 02 00 70 ff ff ff 02 00   |..........................p.....|
  0160  40 ff ff ff 02 00 0c 00 00 00 00 00 00 12 00 00 61 01 00 00 00 00 00 00 00 00 02 00 1e 00 00 00   |@...............a...............|
  0180  00 00 00 0e 00 00 53 00 14 34 00 00 00 00 00 00 7f 00 00 00 00 00 00 00 00                        |......S..4...............|

=== 051__sub_for_1_to_3.accdb  (68,1) len=317 ===
BODY:
  Sub A()
      Dim i As Integer
      For i = 1 To 3
      Next i
  End Sub

  0000  72 55 40 00 00 00 00 00 00 00 40 00 00 00 00 00 00 00 40 00 00 00 00 00 00 00 40 00 00 00 00 00   |rU@.......@.......@.......@.....|
  0020  00 00 04 00 00 00 00 00 00 7e 78 00 00 00 00 00 00 7f 00 00 00 00 00 00 00 00 1a 00 00 00 00 00   |.........~x.....................|
  0040  00 00 11 00 00 00 00 00 00 00 00 00 00 00 11 00 00 00 00 00 00 00 00 00 03 00 10 00 00 00 00 00   |................................|
  0060  00 00 00 00 02 00 01 00 00 00 00 00 00 00 8c 00 00 00 00 00 00 00 40 00 00 00 00 00 00 00 67 02   |......................@.......g.|
  0080  06 00 00 00 67 02 1a 00 00 00 71 06 9f 02 f8 ff ff ff 73 06 86 05 e8 ff ff ff 36 00 00 00 67 02   |....g.....q.......s.......6...g.|
  00a0  16 00 00 00 9f 02 f8 ff ff ff a4 05 e8 ff ff ff 20 00 00 00 67 02 00 00 00 00 7b 02 32 00 00 00   |................ ...g.....{.2...|
  00c0  00 00 00 00 00 00 08 00 18 00 40 00 00 00 38 00 00 00 04 00 00 00 00 00 00 00 00 00 00 00 00 00   |..........@...8.................|
  00e0  00 00 14 00 00 00 00 00 00 00 00 00 00 00 00 00 00 00 00 00 00 00 14 00 00 00 00 00 00 00 00 00   |................................|
  0100  00 00 00 00 00 00 00 00 00 00 0c 00 00 00 00 00 00 12 00 00 61 01 00 00 00 00 00 00 00 00 02 00   |....................a...........|
  0120  1e 00 00 00 00 00 00 0e 00 00 53 00 14 34 00 00 00 00 00 00 7f 00 00 00 00 00 00 00 00            |..........S..4...............|

