==============================================================================================================
  030 <-> 044    empty Sub vs Dim Integer
  lens: 269 vs 269   diff_bytes: 1   first_diff_offsets: ['0x98']
  LEFT  src: 'Sub A()\nEnd Sub'
  RIGHT src: 'Sub A()\n    Dim x As Integer\nEnd Sub'
--------------------------------------------------------------------------------------------------------------
  0000  72 55 40 00 00 00 00 00 00 00 40 00 00 00 00 00   |rU@.......@.....|    0000  72 55 40 00 00 00 00 00 00 00 40 00 00 00 00 00   |rU@.......@.....|
  0010  00 00 40 00 00 00 00 00 00 00 40 00 00 00 00 00   |..@.......@.....|    0010  00 00 40 00 00 00 00 00 00 00 40 00 00 00 00 00   |..@.......@.....|
  0020  00 00 04 00 00 00 00 00 00 7e 78 00 00 00 00 00   |.........~x.....|    0020  00 00 04 00 00 00 00 00 00 7e 78 00 00 00 00 00   |.........~x.....|
  0030  00 7f 00 00 00 00 00 00 00 00 1a 00 00 00 00 00   |................|    0030  00 7f 00 00 00 00 00 00 00 00 1a 00 00 00 00 00   |................|
  0040  00 00 11 00 00 00 00 00 00 00 00 00 00 00 11 00   |................|    0040  00 00 11 00 00 00 00 00 00 00 00 00 00 00 11 00   |................|
  0050  00 00 00 00 00 00 00 00 03 00 10 00 00 00 00 00   |................|    0050  00 00 00 00 00 00 00 00 03 00 10 00 00 00 00 00   |................|
  0060  00 00 00 00 02 00 01 00 00 00 00 00 00 00 5c 00   |..............\.|    0060  00 00 00 00 02 00 01 00 00 00 00 00 00 00 5c 00   |..............\.|
  0070  00 00 00 00 00 00 10 00 00 00 00 00 00 00 67 02   |..............g.|    0070  00 00 00 00 00 00 10 00 00 00 00 00 00 00 67 02   |..............g.|
  0080  06 00 00 00 67 02 00 00 00 00 7b 02 6e 00 00 00   |....g.....{.n...|    0080  06 00 00 00 67 02 00 00 00 00 7b 02 6e 00 00 00   |....g.....{.n...|
  0090  00 00 00 00 00 00 08 00 00 00 10 00 00 00 38 00   |..............8.|    0090  00 00 00 00 00 00 08 00 08 00 10 00 00 00 38 00   |..............8.|  <-- diff @ 0x98
  00a0  00 00 04 00 00 00 00 00 00 00 00 00 00 00 00 00   |................|    00a0  00 00 04 00 00 00 00 00 00 00 00 00 00 00 00 00   |................|
  00b0  00 00 14 00 00 00 00 00 00 00 00 00 00 00 00 00   |................|    00b0  00 00 14 00 00 00 00 00 00 00 00 00 00 00 00 00   |................|
  00c0  00 00 00 00 00 00 14 00 00 00 00 00 00 00 00 00   |................|    00c0  00 00 00 00 00 00 14 00 00 00 00 00 00 00 00 00   |................|
  00d0  00 00 00 00 00 00 00 00 00 00 0c 00 00 00 00 00   |................|    00d0  00 00 00 00 00 00 00 00 00 00 0c 00 00 00 00 00   |................|
  00e0  00 12 00 00 61 01 00 00 00 00 00 00 00 00 02 00   |....a...........|    00e0  00 12 00 00 61 01 00 00 00 00 00 00 00 00 02 00   |....a...........|
  00f0  1e 00 00 00 00 00 00 0e 00 00 53 00 14 34 00 00   |..........S..4..|    00f0  1e 00 00 00 00 00 00 0e 00 00 53 00 14 34 00 00   |..........S..4..|
  0100  00 00 00 00 7f 00 00 00 00 00 00 00 00            |.............|     0100  00 00 00 00 7f 00 00 00 00 00 00 00 00            |.............|

==============================================================================================================
  044 <-> 045    Dim Integer vs Dim Long  (per-type token)
  lens: 269 vs 269   diff_bytes: 1   first_diff_offsets: ['0x8c']
  LEFT  src: 'Sub A()\n    Dim x As Integer\nEnd Sub'
  RIGHT src: 'Sub A()\n    Dim x As Long\nEnd Sub'
--------------------------------------------------------------------------------------------------------------
  0000  72 55 40 00 00 00 00 00 00 00 40 00 00 00 00 00   |rU@.......@.....|    0000  72 55 40 00 00 00 00 00 00 00 40 00 00 00 00 00   |rU@.......@.....|
  0010  00 00 40 00 00 00 00 00 00 00 40 00 00 00 00 00   |..@.......@.....|    0010  00 00 40 00 00 00 00 00 00 00 40 00 00 00 00 00   |..@.......@.....|
  0020  00 00 04 00 00 00 00 00 00 7e 78 00 00 00 00 00   |.........~x.....|    0020  00 00 04 00 00 00 00 00 00 7e 78 00 00 00 00 00   |.........~x.....|
  0030  00 7f 00 00 00 00 00 00 00 00 1a 00 00 00 00 00   |................|    0030  00 7f 00 00 00 00 00 00 00 00 1a 00 00 00 00 00   |................|
  0040  00 00 11 00 00 00 00 00 00 00 00 00 00 00 11 00   |................|    0040  00 00 11 00 00 00 00 00 00 00 00 00 00 00 11 00   |................|
  0050  00 00 00 00 00 00 00 00 03 00 10 00 00 00 00 00   |................|    0050  00 00 00 00 00 00 00 00 03 00 10 00 00 00 00 00   |................|
  0060  00 00 00 00 02 00 01 00 00 00 00 00 00 00 5c 00   |..............\.|    0060  00 00 00 00 02 00 01 00 00 00 00 00 00 00 5c 00   |..............\.|
  0070  00 00 00 00 00 00 10 00 00 00 00 00 00 00 67 02   |..............g.|    0070  00 00 00 00 00 00 10 00 00 00 00 00 00 00 67 02   |..............g.|
  0080  06 00 00 00 67 02 00 00 00 00 7b 02 6e 00 00 00   |....g.....{.n...|    0080  06 00 00 00 67 02 00 00 00 00 7b 02 53 00 00 00   |....g.....{.S...|  <-- diff @ 0x8c
  0090  00 00 00 00 00 00 08 00 08 00 10 00 00 00 38 00   |..............8.|    0090  00 00 00 00 00 00 08 00 08 00 10 00 00 00 38 00   |..............8.|
  00a0  00 00 04 00 00 00 00 00 00 00 00 00 00 00 00 00   |................|    00a0  00 00 04 00 00 00 00 00 00 00 00 00 00 00 00 00   |................|
  00b0  00 00 14 00 00 00 00 00 00 00 00 00 00 00 00 00   |................|    00b0  00 00 14 00 00 00 00 00 00 00 00 00 00 00 00 00   |................|
  00c0  00 00 00 00 00 00 14 00 00 00 00 00 00 00 00 00   |................|    00c0  00 00 00 00 00 00 14 00 00 00 00 00 00 00 00 00   |................|
  00d0  00 00 00 00 00 00 00 00 00 00 0c 00 00 00 00 00   |................|    00d0  00 00 00 00 00 00 00 00 00 00 0c 00 00 00 00 00   |................|
  00e0  00 12 00 00 61 01 00 00 00 00 00 00 00 00 02 00   |....a...........|    00e0  00 12 00 00 61 01 00 00 00 00 00 00 00 00 02 00   |....a...........|
  00f0  1e 00 00 00 00 00 00 0e 00 00 53 00 14 34 00 00   |..........S..4..|    00f0  1e 00 00 00 00 00 00 0e 00 00 53 00 14 34 00 00   |..........S..4..|
  0100  00 00 00 00 7f 00 00 00 00 00 00 00 00            |.............|     0100  00 00 00 00 7f 00 00 00 00 00 00 00 00            |.............|

==============================================================================================================
  044 <-> 046    Dim Integer vs Dim String
  lens: 269 vs 277   diff_bytes: 34   first_diff_offsets: ['0x6e', '0x8c', '0x9e', '0xb2', '0xbc', '0xc6', '0xc7', '0xc8']
  LEFT  src: 'Sub A()\n    Dim x As Integer\nEnd Sub'
  RIGHT src: 'Sub A()\n    Dim x As String\nEnd Sub'
--------------------------------------------------------------------------------------------------------------
  0000  72 55 40 00 00 00 00 00 00 00 40 00 00 00 00 00   |rU@.......@.....|    0000  72 55 40 00 00 00 00 00 00 00 40 00 00 00 00 00   |rU@.......@.....|
  0010  00 00 40 00 00 00 00 00 00 00 40 00 00 00 00 00   |..@.......@.....|    0010  00 00 40 00 00 00 00 00 00 00 40 00 00 00 00 00   |..@.......@.....|
  0020  00 00 04 00 00 00 00 00 00 7e 78 00 00 00 00 00   |.........~x.....|    0020  00 00 04 00 00 00 00 00 00 7e 78 00 00 00 00 00   |.........~x.....|
  0030  00 7f 00 00 00 00 00 00 00 00 1a 00 00 00 00 00   |................|    0030  00 7f 00 00 00 00 00 00 00 00 1a 00 00 00 00 00   |................|
  0040  00 00 11 00 00 00 00 00 00 00 00 00 00 00 11 00   |................|    0040  00 00 11 00 00 00 00 00 00 00 00 00 00 00 11 00   |................|
  0050  00 00 00 00 00 00 00 00 03 00 10 00 00 00 00 00   |................|    0050  00 00 00 00 00 00 00 00 03 00 10 00 00 00 00 00   |................|
  0060  00 00 00 00 02 00 01 00 00 00 00 00 00 00 5c 00   |..............\.|    0060  00 00 00 00 02 00 01 00 00 00 00 00 00 00 64 00   |..............d.|  <-- diff @ 0x6e
  0070  00 00 00 00 00 00 10 00 00 00 00 00 00 00 67 02   |..............g.|    0070  00 00 00 00 00 00 10 00 00 00 00 00 00 00 67 02   |..............g.|
  0080  06 00 00 00 67 02 00 00 00 00 7b 02 6e 00 00 00   |....g.....{.n...|    0080  06 00 00 00 67 02 00 00 00 00 7b 02 53 00 00 00   |....g.....{.S...|  <-- diff @ 0x8c
  0090  00 00 00 00 00 00 08 00 08 00 10 00 00 00 38 00   |..............8.|    0090  00 00 00 00 00 00 08 00 08 00 10 00 00 00 40 00   |..............@.|  <-- diff @ 0x9e
  00a0  00 00 04 00 00 00 00 00 00 00 00 00 00 00 00 00   |................|    00a0  00 00 04 00 00 00 00 00 00 00 00 00 00 00 00 00   |................|
  00b0  00 00 14 00 00 00 00 00 00 00 00 00 00 00 00 00   |................|    00b0  00 00 1a 00 00 00 00 00 00 00 00 00 01 00 00 00   |................|  <-- diff @ 0xb2,0xbc
  00c0  00 00 00 00 00 00 14 00 00 00 00 00 00 00 00 00   |................|    00c0  00 00 00 00 00 00 f8 ff ff ff 01 00 31 00 14 00   |............1...|  <-- diff @ 0xc6,0xc7,0xc8,0xc9,0xca,0xcc,0xce
  00d0  00 00 00 00 00 00 00 00 00 00 0c 00 00 00 00 00   |................|    00d0  00 00 00 00 00 00 00 00 00 00 00 00 00 00 00 00   |................|  <-- diff @ 0xda
  00e0  00 12 00 00 61 01 00 00 00 00 00 00 00 00 02 00   |....a...........|    00e0  00 00 0c 00 00 00 00 00 00 12 00 00 61 01 00 00   |............a...|  <-- diff @ 0xe1,0xe2,0xe4,0xe5,0xe9,0xec,0xed,0xee
  00f0  1e 00 00 00 00 00 00 0e 00 00 53 00 14 34 00 00   |..........S..4..|    00f0  00 00 00 00 00 00 02 00 1e 00 00 00 00 00 00 0e   |................|  <-- diff @ 0xf0,0xf6,0xf7,0xf8,0xfa,0xfc,0xfd,0xff
  0100  00 00 00 00 7f 00 00 00 00 00 00 00 00            |.............|     0100  00 00 53 00 14 34 00 00 00 00 00 00 7f 00 00 00   |..S..4..........|  <-- diff @ 0x102,0x104,0x105,0x10c,0x10d
                                                                              0110  00 00 00 00 00                                    |.....|

==============================================================================================================
  030 <-> 049    empty Sub vs comment-only
  lens: 269 vs 269   diff_bytes: 0   first_diff_offsets: []
  LEFT  src: 'Sub A()\nEnd Sub'
  RIGHT src: "Sub A()\n    ' a comment\nEnd Sub"
--------------------------------------------------------------------------------------------------------------
  0000  72 55 40 00 00 00 00 00 00 00 40 00 00 00 00 00   |rU@.......@.....|    0000  72 55 40 00 00 00 00 00 00 00 40 00 00 00 00 00   |rU@.......@.....|
  0010  00 00 40 00 00 00 00 00 00 00 40 00 00 00 00 00   |..@.......@.....|    0010  00 00 40 00 00 00 00 00 00 00 40 00 00 00 00 00   |..@.......@.....|
  0020  00 00 04 00 00 00 00 00 00 7e 78 00 00 00 00 00   |.........~x.....|    0020  00 00 04 00 00 00 00 00 00 7e 78 00 00 00 00 00   |.........~x.....|
  0030  00 7f 00 00 00 00 00 00 00 00 1a 00 00 00 00 00   |................|    0030  00 7f 00 00 00 00 00 00 00 00 1a 00 00 00 00 00   |................|
  0040  00 00 11 00 00 00 00 00 00 00 00 00 00 00 11 00   |................|    0040  00 00 11 00 00 00 00 00 00 00 00 00 00 00 11 00   |................|
  0050  00 00 00 00 00 00 00 00 03 00 10 00 00 00 00 00   |................|    0050  00 00 00 00 00 00 00 00 03 00 10 00 00 00 00 00   |................|
  0060  00 00 00 00 02 00 01 00 00 00 00 00 00 00 5c 00   |..............\.|    0060  00 00 00 00 02 00 01 00 00 00 00 00 00 00 5c 00   |..............\.|
  0070  00 00 00 00 00 00 10 00 00 00 00 00 00 00 67 02   |..............g.|    0070  00 00 00 00 00 00 10 00 00 00 00 00 00 00 67 02   |..............g.|
  0080  06 00 00 00 67 02 00 00 00 00 7b 02 6e 00 00 00   |....g.....{.n...|    0080  06 00 00 00 67 02 00 00 00 00 7b 02 6e 00 00 00   |....g.....{.n...|
  0090  00 00 00 00 00 00 08 00 00 00 10 00 00 00 38 00   |..............8.|    0090  00 00 00 00 00 00 08 00 00 00 10 00 00 00 38 00   |..............8.|
  00a0  00 00 04 00 00 00 00 00 00 00 00 00 00 00 00 00   |................|    00a0  00 00 04 00 00 00 00 00 00 00 00 00 00 00 00 00   |................|
  00b0  00 00 14 00 00 00 00 00 00 00 00 00 00 00 00 00   |................|    00b0  00 00 14 00 00 00 00 00 00 00 00 00 00 00 00 00   |................|
  00c0  00 00 00 00 00 00 14 00 00 00 00 00 00 00 00 00   |................|    00c0  00 00 00 00 00 00 14 00 00 00 00 00 00 00 00 00   |................|
  00d0  00 00 00 00 00 00 00 00 00 00 0c 00 00 00 00 00   |................|    00d0  00 00 00 00 00 00 00 00 00 00 0c 00 00 00 00 00   |................|
  00e0  00 12 00 00 61 01 00 00 00 00 00 00 00 00 02 00   |....a...........|    00e0  00 12 00 00 61 01 00 00 00 00 00 00 00 00 02 00   |....a...........|
  00f0  1e 00 00 00 00 00 00 0e 00 00 53 00 14 34 00 00   |..........S..4..|    00f0  1e 00 00 00 00 00 00 0e 00 00 53 00 14 34 00 00   |..........S..4..|
  0100  00 00 00 00 7f 00 00 00 00 00 00 00 00            |.............|     0100  00 00 00 00 7f 00 00 00 00 00 00 00 00            |.............|

==============================================================================================================
  047 <-> 048    x = 1  vs  x = 42  (i16 immediate)
  lens: 281 vs 285   diff_bytes: 52   first_diff_offsets: ['0x6e', '0x76', '0x86', '0x8a', '0x8b', '0x8c', '0x8d', '0x8e']
  LEFT  src: 'Sub A()\n    Dim x As Integer\n    x = 7\nEnd Sub'
  RIGHT src: 'Sub A()\n    Dim x As Integer\n    x = 42\nEnd Sub'
--------------------------------------------------------------------------------------------------------------
  0000  72 55 40 00 00 00 00 00 00 00 40 00 00 00 00 00   |rU@.......@.....|    0000  72 55 40 00 00 00 00 00 00 00 40 00 00 00 00 00   |rU@.......@.....|
  0010  00 00 40 00 00 00 00 00 00 00 40 00 00 00 00 00   |..@.......@.....|    0010  00 00 40 00 00 00 00 00 00 00 40 00 00 00 00 00   |..@.......@.....|
  0020  00 00 04 00 00 00 00 00 00 7e 78 00 00 00 00 00   |.........~x.....|    0020  00 00 04 00 00 00 00 00 00 7e 78 00 00 00 00 00   |.........~x.....|
  0030  00 7f 00 00 00 00 00 00 00 00 1a 00 00 00 00 00   |................|    0030  00 7f 00 00 00 00 00 00 00 00 1a 00 00 00 00 00   |................|
  0040  00 00 11 00 00 00 00 00 00 00 00 00 00 00 11 00   |................|    0040  00 00 11 00 00 00 00 00 00 00 00 00 00 00 11 00   |................|
  0050  00 00 00 00 00 00 00 00 03 00 10 00 00 00 00 00   |................|    0050  00 00 00 00 00 00 00 00 03 00 10 00 00 00 00 00   |................|
  0060  00 00 00 00 02 00 01 00 00 00 00 00 00 00 68 00   |..............h.|    0060  00 00 00 00 02 00 01 00 00 00 00 00 00 00 6c 00   |..............l.|  <-- diff @ 0x6e
  0070  00 00 00 00 00 00 1c 00 00 00 00 00 00 00 67 02   |..............g.|    0070  00 00 00 00 00 00 20 00 00 00 00 00 00 00 67 02   |...... .......g.|  <-- diff @ 0x76
  0080  06 00 00 00 67 02 0e 00 00 00 77 06 b1 02 f8 ff   |....g.....w.....|    0080  06 00 00 00 67 02 10 00 00 00 ed 05 2a 00 b1 02   |....g.......*...|  <-- diff @ 0x86,0x8a,0x8b,0x8c,0x8d,0x8e,0x8f
  0090  ff ff 67 02 00 00 00 00 7b 02 00 00 00 00 00 00   |..g.....{.......|    0090  f8 ff ff ff 67 02 00 00 00 00 7b 02 61 00 00 00   |....g.....{.a...|  <-- diff @ 0x90,0x92,0x93,0x94,0x95,0x98,0x99,0x9a,0x9b,0x9c
  00a0  00 00 08 00 08 00 1c 00 00 00 38 00 00 00 04 00   |..........8.....|    00a0  00 00 00 00 00 00 08 00 08 00 20 00 00 00 38 00   |.......... ...8.|  <-- diff @ 0xa2,0xa4,0xa6,0xa8,0xaa,0xae
  00b0  00 00 00 00 00 00 00 00 00 00 00 00 00 00 14 00   |................|    00b0  00 00 04 00 00 00 00 00 00 00 00 00 00 00 00 00   |................|  <-- diff @ 0xb2,0xbe
  00c0  00 00 00 00 00 00 00 00 00 00 00 00 00 00 00 00   |................|    00c0  00 00 14 00 00 00 00 00 00 00 00 00 00 00 00 00   |................|  <-- diff @ 0xc2
  00d0  00 00 14 00 00 00 00 00 00 00 00 00 00 00 00 00   |................|    00d0  00 00 00 00 00 00 14 00 00 00 00 00 00 00 00 00   |................|  <-- diff @ 0xd2,0xd6
  00e0  00 00 00 00 00 00 0c 00 00 00 00 00 00 12 00 00   |................|    00e0  00 00 00 00 00 00 00 00 00 00 0c 00 00 00 00 00   |................|  <-- diff @ 0xe6,0xea,0xed
  00f0  61 01 00 00 00 00 00 00 00 00 02 00 1e 00 00 00   |a...............|    00f0  00 12 00 00 61 01 00 00 00 00 00 00 00 00 02 00   |....a...........|  <-- diff @ 0xf0,0xf1,0xf4,0xf5,0xfa,0xfc,0xfe
  0100  00 00 00 0e 00 00 53 00 14 34 00 00 00 00 00 00   |......S..4......|    0100  1e 00 00 00 00 00 00 0e 00 00 53 00 14 34 00 00   |..........S..4..|  <-- diff @ 0x100,0x103,0x106,0x107,0x108,0x109,0x10a,0x10c,0x10d
  0110  7f 00 00 00 00 00 00 00 00                        |.........|         0110  00 00 00 00 7f 00 00 00 00 00 00 00 00            |.............|  <-- diff @ 0x110,0x114,0x119

==============================================================================================================
  040 <-> 041    MsgBox "hello" vs "world" (literal intern)
  lens: 393 vs 393   diff_bytes: 2   first_diff_offsets: ['0xf0', '0xf1']
  LEFT  src: 'Sub A()\n    MsgBox "hello"\nEnd Sub'
  RIGHT src: 'Sub A()\n    MsgBox "world"\nEnd Sub'
--------------------------------------------------------------------------------------------------------------
  0000  72 55 40 00 00 00 00 00 00 00 40 00 00 00 00 00   |rU@.......@.....|    0000  72 55 40 00 00 00 00 00 00 00 40 00 00 00 00 00   |rU@.......@.....|
  0010  00 00 40 00 00 00 00 00 00 00 40 00 00 00 00 00   |..@.......@.....|    0010  00 00 40 00 00 00 00 00 00 00 40 00 00 00 00 00   |..@.......@.....|
  0020  00 00 04 00 00 00 00 00 00 7e 78 00 00 00 00 00   |.........~x.....|    0020  00 00 04 00 00 00 00 00 00 7e 78 00 00 00 00 00   |.........~x.....|
  0030  00 7f 00 00 00 00 00 00 00 00 1a 00 00 00 00 00   |................|    0030  00 7f 00 00 00 00 00 00 00 00 1a 00 00 00 00 00   |................|
  0040  00 00 11 00 00 00 00 00 00 00 00 00 00 00 11 00   |................|    0040  00 00 11 00 00 00 00 00 00 00 00 00 00 00 11 00   |................|
  0050  00 00 00 00 00 00 00 00 03 00 10 00 00 00 00 00   |................|    0050  00 00 00 00 00 00 00 00 03 00 10 00 00 00 00 00   |................|
  0060  00 00 00 00 02 00 01 00 00 00 02 00 00 00 11 08   |................|    0060  00 00 00 00 02 00 01 00 00 00 02 00 00 00 11 08   |................|
  0070  00 00 00 00 00 00 00 00 00 00 b1 07 00 00 00 00   |................|    0070  00 00 00 00 00 00 00 00 00 00 b1 07 00 00 00 00   |................|
  0080  00 00 00 00 00 00 c0 00 00 00 00 00 00 00 5c 00   |..............\.|    0080  00 00 00 00 00 00 c0 00 00 00 00 00 00 00 5c 00   |..............\.|
  0090  00 00 00 00 00 00 67 02 06 00 00 00 67 02 4c 00   |......g.....g.L.|    0090  00 00 00 00 00 00 67 02 06 00 00 00 67 02 4c 00   |......g.....g.L.|
  00a0  00 00 f1 01 40 ff ff ff f1 01 70 ff ff ff f1 01   |....@.....p.....|    00a0  00 00 f1 01 40 ff ff ff f1 01 70 ff ff ff f1 01   |....@.....p.....|
  00b0  a0 ff ff ff f0 05 00 00 00 00 fe 05 e8 ff ff ff   |................|    00b0  a0 ff ff ff f0 05 00 00 00 00 fe 05 e8 ff ff ff   |................|
  00c0  01 00 49 06 d0 ff ff ff 9f 02 d0 ff ff ff ff 04   |..I.............|    00c0  01 00 49 06 d0 ff ff ff 9f 02 d0 ff ff ff ff 04   |..I.............|
  00d0  00 00 28 00 ea 05 08 00 d0 ff ff ff a0 ff ff ff   |..(.............|    00d0  00 00 28 00 ea 05 08 00 d0 ff ff ff a0 ff ff ff   |..(.............|
  00e0  70 ff ff ff 40 ff ff ff 67 02 00 00 00 00 7b 02   |p...@...g.....{.|    00e0  70 ff ff ff 40 ff ff ff 67 02 00 00 00 00 7b 02   |p...@...g.....{.|
  00f0  30 00 00 00 00 00 00 00 00 00 08 00 c0 00 5c 00   |0.............\.|    00f0  95 a9 00 00 00 00 00 00 00 00 08 00 c0 00 5c 00   |..............\.|  <-- diff @ 0xf0,0xf1
  0100  00 00 38 00 00 00 04 00 00 00 00 00 00 00 00 00   |..8.............|    0100  00 00 38 00 00 00 04 00 00 00 00 00 00 00 00 00   |..8.............|
  0110  00 00 00 00 00 00 14 00 00 00 00 00 00 00 00 00   |................|    0110  00 00 00 00 00 00 14 00 00 00 00 00 00 00 00 00   |................|
  0120  00 00 00 00 00 00 00 00 00 00 2c 00 00 00 00 00   |..........,.....|    0120  00 00 00 00 00 00 00 00 00 00 2c 00 00 00 00 00   |..........,.....|
  0130  00 00 00 00 04 00 00 00 00 00 00 00 00 00 d0 ff   |................|    0130  00 00 00 00 04 00 00 00 00 00 00 00 00 00 d0 ff   |................|
  0140  ff ff 02 00 a0 ff ff ff 02 00 70 ff ff ff 02 00   |..........p.....|    0140  ff ff 02 00 a0 ff ff ff 02 00 70 ff ff ff 02 00   |..........p.....|
  0150  40 ff ff ff 02 00 0c 00 00 00 00 00 00 12 00 00   |@...............|    0150  40 ff ff ff 02 00 0c 00 00 00 00 00 00 12 00 00   |@...............|
  0160  61 01 00 00 00 00 00 00 00 00 02 00 1e 00 00 00   |a...............|    0160  61 01 00 00 00 00 00 00 00 00 02 00 1e 00 00 00   |a...............|
  0170  00 00 00 0e 00 00 53 00 14 34 00 00 00 00 00 00   |......S..4......|    0170  00 00 00 0e 00 00 53 00 14 34 00 00 00 00 00 00   |......S..4......|
  0180  7f 00 00 00 00 00 00 00 00                        |.........|         0180  7f 00 00 00 00 00 00 00 00                        |.........|

==============================================================================================================
  040 <-> 042    MsgBox short vs long literal
  lens: 393 vs 393   diff_bytes: 5   first_diff_offsets: ['0x6e', '0x6f', '0x7a', '0x7b', '0xf0']
  LEFT  src: 'Sub A()\n    MsgBox "hello"\nEnd Sub'
  RIGHT src: 'Sub A()\n    MsgBox "a much longer literal that is clearly not stored inline"\nEnd Sub'
--------------------------------------------------------------------------------------------------------------
  0000  72 55 40 00 00 00 00 00 00 00 40 00 00 00 00 00   |rU@.......@.....|    0000  72 55 40 00 00 00 00 00 00 00 40 00 00 00 00 00   |rU@.......@.....|
  0010  00 00 40 00 00 00 00 00 00 00 40 00 00 00 00 00   |..@.......@.....|    0010  00 00 40 00 00 00 00 00 00 00 40 00 00 00 00 00   |..@.......@.....|
  0020  00 00 04 00 00 00 00 00 00 7e 78 00 00 00 00 00   |.........~x.....|    0020  00 00 04 00 00 00 00 00 00 7e 78 00 00 00 00 00   |.........~x.....|
  0030  00 7f 00 00 00 00 00 00 00 00 1a 00 00 00 00 00   |................|    0030  00 7f 00 00 00 00 00 00 00 00 1a 00 00 00 00 00   |................|
  0040  00 00 11 00 00 00 00 00 00 00 00 00 00 00 11 00   |................|    0040  00 00 11 00 00 00 00 00 00 00 00 00 00 00 11 00   |................|
  0050  00 00 00 00 00 00 00 00 03 00 10 00 00 00 00 00   |................|    0050  00 00 00 00 00 00 00 00 03 00 10 00 00 00 00 00   |................|
  0060  00 00 00 00 02 00 01 00 00 00 02 00 00 00 11 08   |................|    0060  00 00 00 00 02 00 01 00 00 00 02 00 00 00 41 09   |..............A.|  <-- diff @ 0x6e,0x6f
  0070  00 00 00 00 00 00 00 00 00 00 b1 07 00 00 00 00   |................|    0070  00 00 00 00 00 00 00 00 00 00 11 08 00 00 00 00   |................|  <-- diff @ 0x7a,0x7b
  0080  00 00 00 00 00 00 c0 00 00 00 00 00 00 00 5c 00   |..............\.|    0080  00 00 00 00 00 00 c0 00 00 00 00 00 00 00 5c 00   |..............\.|
  0090  00 00 00 00 00 00 67 02 06 00 00 00 67 02 4c 00   |......g.....g.L.|    0090  00 00 00 00 00 00 67 02 06 00 00 00 67 02 4c 00   |......g.....g.L.|
  00a0  00 00 f1 01 40 ff ff ff f1 01 70 ff ff ff f1 01   |....@.....p.....|    00a0  00 00 f1 01 40 ff ff ff f1 01 70 ff ff ff f1 01   |....@.....p.....|
  00b0  a0 ff ff ff f0 05 00 00 00 00 fe 05 e8 ff ff ff   |................|    00b0  a0 ff ff ff f0 05 00 00 00 00 fe 05 e8 ff ff ff   |................|
  00c0  01 00 49 06 d0 ff ff ff 9f 02 d0 ff ff ff ff 04   |..I.............|    00c0  01 00 49 06 d0 ff ff ff 9f 02 d0 ff ff ff ff 04   |..I.............|
  00d0  00 00 28 00 ea 05 08 00 d0 ff ff ff a0 ff ff ff   |..(.............|    00d0  00 00 28 00 ea 05 08 00 d0 ff ff ff a0 ff ff ff   |..(.............|
  00e0  70 ff ff ff 40 ff ff ff 67 02 00 00 00 00 7b 02   |p...@...g.....{.|    00e0  70 ff ff ff 40 ff ff ff 67 02 00 00 00 00 7b 02   |p...@...g.....{.|
  00f0  30 00 00 00 00 00 00 00 00 00 08 00 c0 00 5c 00   |0.............\.|    00f0  33 00 00 00 00 00 00 00 00 00 08 00 c0 00 5c 00   |3.............\.|  <-- diff @ 0xf0
  0100  00 00 38 00 00 00 04 00 00 00 00 00 00 00 00 00   |..8.............|    0100  00 00 38 00 00 00 04 00 00 00 00 00 00 00 00 00   |..8.............|
  0110  00 00 00 00 00 00 14 00 00 00 00 00 00 00 00 00   |................|    0110  00 00 00 00 00 00 14 00 00 00 00 00 00 00 00 00   |................|
  0120  00 00 00 00 00 00 00 00 00 00 2c 00 00 00 00 00   |..........,.....|    0120  00 00 00 00 00 00 00 00 00 00 2c 00 00 00 00 00   |..........,.....|
  0130  00 00 00 00 04 00 00 00 00 00 00 00 00 00 d0 ff   |................|    0130  00 00 00 00 04 00 00 00 00 00 00 00 00 00 d0 ff   |................|
  0140  ff ff 02 00 a0 ff ff ff 02 00 70 ff ff ff 02 00   |..........p.....|    0140  ff ff 02 00 a0 ff ff ff 02 00 70 ff ff ff 02 00   |..........p.....|
  0150  40 ff ff ff 02 00 0c 00 00 00 00 00 00 12 00 00   |@...............|    0150  40 ff ff ff 02 00 0c 00 00 00 00 00 00 12 00 00   |@...............|
  0160  61 01 00 00 00 00 00 00 00 00 02 00 1e 00 00 00   |a...............|    0160  61 01 00 00 00 00 00 00 00 00 02 00 1e 00 00 00   |a...............|
  0170  00 00 00 0e 00 00 53 00 14 34 00 00 00 00 00 00   |......S..4......|    0170  00 00 00 0e 00 00 53 00 14 34 00 00 00 00 00 00   |......S..4......|
  0180  7f 00 00 00 00 00 00 00 00                        |.........|         0180  7f 00 00 00 00 00 00 00 00                        |.........|

==============================================================================================================
  040 <-> 043    MsgBox one  vs  two stmts
  lens: 393 vs 481   diff_bytes: 178   first_diff_offsets: ['0x6a', '0x86', '0x87', '0x8e', '0x92', '0x93', '0x96', '0x97']
  LEFT  src: 'Sub A()\n    MsgBox "hello"\nEnd Sub'
  RIGHT src: 'Sub A()\n    MsgBox "one"\n    MsgBox "two"\nEnd Sub'
--------------------------------------------------------------------------------------------------------------
  0000  72 55 40 00 00 00 00 00 00 00 40 00 00 00 00 00   |rU@.......@.....|    0000  72 55 40 00 00 00 00 00 00 00 40 00 00 00 00 00   |rU@.......@.....|
  0010  00 00 40 00 00 00 00 00 00 00 40 00 00 00 00 00   |..@.......@.....|    0010  00 00 40 00 00 00 00 00 00 00 40 00 00 00 00 00   |..@.......@.....|
  0020  00 00 04 00 00 00 00 00 00 7e 78 00 00 00 00 00   |.........~x.....|    0020  00 00 04 00 00 00 00 00 00 7e 78 00 00 00 00 00   |.........~x.....|
  0030  00 7f 00 00 00 00 00 00 00 00 1a 00 00 00 00 00   |................|    0030  00 7f 00 00 00 00 00 00 00 00 1a 00 00 00 00 00   |................|
  0040  00 00 11 00 00 00 00 00 00 00 00 00 00 00 11 00   |................|    0040  00 00 11 00 00 00 00 00 00 00 00 00 00 00 11 00   |................|
  0050  00 00 00 00 00 00 00 00 03 00 10 00 00 00 00 00   |................|    0050  00 00 00 00 00 00 00 00 03 00 10 00 00 00 00 00   |................|
  0060  00 00 00 00 02 00 01 00 00 00 02 00 00 00 11 08   |................|    0060  00 00 00 00 02 00 01 00 00 00 03 00 00 00 11 08   |................|  <-- diff @ 0x6a
  0070  00 00 00 00 00 00 00 00 00 00 b1 07 00 00 00 00   |................|    0070  00 00 00 00 00 00 00 00 00 00 b1 07 00 00 00 00   |................|
  0080  00 00 00 00 00 00 c0 00 00 00 00 00 00 00 5c 00   |..............\.|    0080  00 00 00 00 00 00 e1 09 00 00 00 00 00 00 00 00   |................|  <-- diff @ 0x86,0x87,0x8e
  0090  00 00 00 00 00 00 67 02 06 00 00 00 67 02 4c 00   |......g.....g.L.|    0090  00 00 0c 01 00 00 00 00 00 00 a8 00 00 00 00 00   |................|  <-- diff @ 0x92,0x93,0x96,0x97,0x98,0x9a,0x9c,0x9d,0x9e
  00a0  00 00 f1 01 40 ff ff ff f1 01 70 ff ff ff f1 01   |....@.....p.....|    00a0  00 00 67 02 06 00 00 00 67 02 4c 00 00 00 f1 01   |..g.....g.L.....|  <-- diff @ 0xa2,0xa3,0xa4,0xa5,0xa6,0xa7,0xa8,0xa9,0xaa,0xab,0xac,0xad
  00b0  a0 ff ff ff f0 05 00 00 00 00 fe 05 e8 ff ff ff   |................|    00b0  40 ff ff ff f1 01 70 ff ff ff f1 01 a0 ff ff ff   |@.....p.........|  <-- diff @ 0xb0,0xb4,0xb5,0xb6,0xb7,0xb8,0xb9,0xba,0xbb,0xbc
  00c0  01 00 49 06 d0 ff ff ff 9f 02 d0 ff ff ff ff 04   |..I.............|    00c0  f0 05 00 00 00 00 fe 05 e8 ff ff ff 01 00 49 06   |..............I.|  <-- diff @ 0xc0,0xc1,0xc2,0xc3,0xc4,0xc5,0xc6,0xc7,0xc8,0xc9,0xca,0xcc,0xcd,0xce,0xcf
  00d0  00 00 28 00 ea 05 08 00 d0 ff ff ff a0 ff ff ff   |..(.............|    00d0  d0 ff ff ff 9f 02 d0 ff ff ff ff 04 00 00 28 00   |..............(.|  <-- diff @ 0xd0,0xd1,0xd2,0xd3,0xd4,0xd5,0xd6,0xd7,0xd8,0xdb,0xdc,0xdd,0xde,0xdf
  00e0  70 ff ff ff 40 ff ff ff 67 02 00 00 00 00 7b 02   |p...@...g.....{.|    00e0  ea 05 08 00 d0 ff ff ff a0 ff ff ff 70 ff ff ff   |............p...|  <-- diff @ 0xe0,0xe1,0xe2,0xe3,0xe4,0xe8,0xe9,0xea,0xeb,0xec,0xed,0xee,0xef
  00f0  30 00 00 00 00 00 00 00 00 00 08 00 c0 00 5c 00   |0.............\.|    00f0  40 ff ff ff 67 02 4c 00 00 00 f1 01 40 ff ff ff   |@...g.L.....@...|  <-- diff @ 0xf0,0xf1,0xf2,0xf3,0xf4,0xf5,0xf6,0xfa,0xfb,0xfc,0xfd,0xfe,0xff
  0100  00 00 38 00 00 00 04 00 00 00 00 00 00 00 00 00   |..8.............|    0100  f1 01 70 ff ff ff f1 01 a0 ff ff ff f0 05 00 00   |..p.............|  <-- diff @ 0x100,0x101,0x102,0x103,0x104,0x105,0x106,0x107,0x108,0x109,0x10a,0x10b,0x10c,0x10d
  0110  00 00 00 00 00 00 14 00 00 00 00 00 00 00 00 00   |................|    0110  00 00 fe 05 e8 ff ff ff 02 00 49 06 d0 ff ff ff   |..........I.....|  <-- diff @ 0x112,0x113,0x114,0x115,0x116,0x117,0x118,0x11a,0x11b,0x11c,0x11d,0x11e,0x11f
  0120  00 00 00 00 00 00 00 00 00 00 2c 00 00 00 00 00   |..........,.....|    0120  9f 02 d0 ff ff ff ff 04 00 00 28 00 ea 05 08 00   |..........(.....|  <-- diff @ 0x120,0x121,0x122,0x123,0x124,0x125,0x126,0x127,0x12a,0x12c,0x12d,0x12e
  0130  00 00 00 00 04 00 00 00 00 00 00 00 00 00 d0 ff   |................|    0130  d0 ff ff ff a0 ff ff ff 70 ff ff ff 40 ff ff ff   |........p...@...|  <-- diff @ 0x130,0x131,0x132,0x133,0x134,0x135,0x136,0x137,0x138,0x139,0x13a,0x13b,0x13c,0x13d,0x13e
  0140  ff ff 02 00 a0 ff ff ff 02 00 70 ff ff ff 02 00   |..........p.....|    0140  67 02 00 00 00 00 7b 02 30 00 00 00 00 00 00 00   |g.....{.0.......|  <-- diff @ 0x140,0x141,0x142,0x144,0x145,0x146,0x147,0x148,0x14a,0x14b,0x14c,0x14d,0x14e
  0150  40 ff ff ff 02 00 0c 00 00 00 00 00 00 12 00 00   |@...............|    0150  00 00 08 00 c0 00 a8 00 00 00 38 00 00 00 04 00   |..........8.....|  <-- diff @ 0x150,0x151,0x152,0x153,0x154,0x156,0x15a,0x15d,0x15e
  0160  61 01 00 00 00 00 00 00 00 00 02 00 1e 00 00 00   |a...............|    0160  00 00 00 00 00 00 00 00 00 00 00 00 00 00 14 00   |................|  <-- diff @ 0x160,0x161,0x16a,0x16c,0x16e
  0170  00 00 00 0e 00 00 53 00 14 34 00 00 00 00 00 00   |......S..4......|    0170  00 00 00 00 00 00 00 00 00 00 00 00 00 00 00 00   |................|  <-- diff @ 0x173,0x176,0x178,0x179
  0180  7f 00 00 00 00 00 00 00 00                        |.........|         0180  00 00 2c 00 00 00 00 00 00 00 00 00 04 00 00 00   |..,.............|  <-- diff @ 0x180,0x182,0x189
                                                                              0190  00 00 00 00 00 00 d0 ff ff ff 02 00 a0 ff ff ff   |................|
                                                                              01a0  02 00 70 ff ff ff 02 00 40 ff ff ff 02 00 0c 00   |..p.....@.......|
                                                                              01b0  00 00 00 00 00 12 00 00 61 01 00 00 00 00 00 00   |........a.......|
                                                                              01c0  00 00 02 00 1e 00 00 00 00 00 00 0e 00 00 53 00   |..............S.|
                                                                              01d0  14 34 00 00 00 00 00 00 7f 00 00 00 00 00 00 00   |.4..............|
                                                                              01e0  00                                                |.|

==============================================================================================================
  030 <-> 050    empty Sub vs If/Then
  lens: 269 vs 409   diff_bytes: 108   first_diff_offsets: ['0x6a', '0x6e', '0x6f', '0x76', '0x7a', '0x7b', '0x7e', '0x7f']
  LEFT  src: 'Sub A()\nEnd Sub'
  RIGHT src: 'Sub A()\n    If True Then MsgBox "y"\nEnd Sub'
--------------------------------------------------------------------------------------------------------------
  0000  72 55 40 00 00 00 00 00 00 00 40 00 00 00 00 00   |rU@.......@.....|    0000  72 55 40 00 00 00 00 00 00 00 40 00 00 00 00 00   |rU@.......@.....|
  0010  00 00 40 00 00 00 00 00 00 00 40 00 00 00 00 00   |..@.......@.....|    0010  00 00 40 00 00 00 00 00 00 00 40 00 00 00 00 00   |..@.......@.....|
  0020  00 00 04 00 00 00 00 00 00 7e 78 00 00 00 00 00   |.........~x.....|    0020  00 00 04 00 00 00 00 00 00 7e 78 00 00 00 00 00   |.........~x.....|
  0030  00 7f 00 00 00 00 00 00 00 00 1a 00 00 00 00 00   |................|    0030  00 7f 00 00 00 00 00 00 00 00 1a 00 00 00 00 00   |................|
  0040  00 00 11 00 00 00 00 00 00 00 00 00 00 00 11 00   |................|    0040  00 00 11 00 00 00 00 00 00 00 00 00 00 00 11 00   |................|
  0050  00 00 00 00 00 00 00 00 03 00 10 00 00 00 00 00   |................|    0050  00 00 00 00 00 00 00 00 03 00 10 00 00 00 00 00   |................|
  0060  00 00 00 00 02 00 01 00 00 00 00 00 00 00 5c 00   |..............\.|    0060  00 00 00 00 02 00 01 00 00 00 02 00 00 00 11 08   |................|  <-- diff @ 0x6a,0x6e,0x6f
  0070  00 00 00 00 00 00 10 00 00 00 00 00 00 00 67 02   |..............g.|    0070  00 00 00 00 00 00 00 00 00 00 b1 07 00 00 00 00   |................|  <-- diff @ 0x76,0x7a,0x7b,0x7e,0x7f
  0080  06 00 00 00 67 02 00 00 00 00 7b 02 6e 00 00 00   |....g.....{.n...|    0080  00 00 00 00 00 00 d0 00 00 00 00 00 00 00 6c 00   |..............l.|  <-- diff @ 0x80,0x84,0x85,0x86,0x8a,0x8b,0x8c,0x8e
  0090  00 00 00 00 00 00 08 00 00 00 10 00 00 00 38 00   |..............8.|    0090  00 00 00 00 00 00 67 02 06 00 00 00 67 02 10 00   |......g.....g...|  <-- diff @ 0x96,0x97,0x98,0x9a,0x9c,0x9d,0x9e
  00a0  00 00 04 00 00 00 00 00 00 00 00 00 00 00 00 00   |................|    00a0  00 00 ed 05 ff ff c7 02 62 00 00 00 67 02 4c 00   |........b...g.L.|  <-- diff @ 0xa2,0xa3,0xa4,0xa5,0xa6,0xa7,0xa8,0xac,0xad,0xae
  00b0  00 00 14 00 00 00 00 00 00 00 00 00 00 00 00 00   |................|    00b0  00 00 f1 01 40 ff ff ff f1 01 70 ff ff ff f1 01   |....@.....p.....|  <-- diff @ 0xb2,0xb3,0xb4,0xb5,0xb6,0xb7,0xb8,0xb9,0xba,0xbb,0xbc,0xbd,0xbe,0xbf
  00c0  00 00 00 00 00 00 14 00 00 00 00 00 00 00 00 00   |................|    00c0  a0 ff ff ff f0 05 00 00 00 00 fe 05 e8 ff ff ff   |................|  <-- diff @ 0xc0,0xc1,0xc2,0xc3,0xc4,0xc5,0xc6,0xca,0xcb,0xcc,0xcd,0xce,0xcf
  00d0  00 00 00 00 00 00 00 00 00 00 0c 00 00 00 00 00   |................|    00d0  01 00 49 06 d0 ff ff ff 9f 02 d0 ff ff ff ff 04   |..I.............|  <-- diff @ 0xd0,0xd2,0xd3,0xd4,0xd5,0xd6,0xd7,0xd8,0xd9,0xda,0xdb,0xdc,0xdd,0xde,0xdf
  00e0  00 12 00 00 61 01 00 00 00 00 00 00 00 00 02 00   |....a...........|    00e0  00 00 28 00 ea 05 08 00 d0 ff ff ff a0 ff ff ff   |..(.............|  <-- diff @ 0xe1,0xe2,0xe4,0xe5,0xe6,0xe8,0xe9,0xea,0xeb,0xec,0xed,0xee,0xef
  00f0  1e 00 00 00 00 00 00 0e 00 00 53 00 14 34 00 00   |..........S..4..|    00f0  70 ff ff ff 40 ff ff ff 67 02 00 00 00 00 7b 02   |p...@...g.....{.|  <-- diff @ 0xf0,0xf1,0xf2,0xf3,0xf4,0xf5,0xf6,0xf7,0xf8,0xf9,0xfa,0xfc,0xfd,0xfe,0xff
  0100  00 00 00 00 7f 00 00 00 00 00 00 00 00            |.............|     0100  43 00 00 00 00 00 00 00 00 00 08 00 c0 00 6c 00   |C.............l.|  <-- diff @ 0x100,0x104,0x10a,0x10c,0x10d
                                                                              0110  00 00 38 00 00 00 04 00 00 00 00 00 00 00 00 00   |..8.............|
                                                                              0120  00 00 00 00 00 00 14 00 00 00 00 00 00 00 00 00   |................|
                                                                              0130  00 00 00 00 00 00 00 00 00 00 2c 00 00 00 00 00   |..........,.....|
                                                                              0140  00 00 00 00 04 00 00 00 00 00 00 00 00 00 d0 ff   |................|
                                                                              0150  ff ff 02 00 a0 ff ff ff 02 00 70 ff ff ff 02 00   |..........p.....|
                                                                              0160  40 ff ff ff 02 00 0c 00 00 00 00 00 00 12 00 00   |@...............|
                                                                              0170  61 01 00 00 00 00 00 00 00 00 02 00 1e 00 00 00   |a...............|
                                                                              0180  00 00 00 0e 00 00 53 00 14 34 00 00 00 00 00 00   |......S..4......|
                                                                              0190  7f 00 00 00 00 00 00 00 00                        |.........|

==============================================================================================================
  030 <-> 051    empty Sub vs For 1 To 3
  lens: 269 vs 317   diff_bytes: 63   first_diff_offsets: ['0x6e', '0x76', '0x86', '0x8a', '0x8b', '0x8c', '0x8d', '0x8e']
  LEFT  src: 'Sub A()\nEnd Sub'
  RIGHT src: 'Sub A()\n    Dim i As Integer\n    For i = 1 To 3\n    Next i\nEnd Sub'
--------------------------------------------------------------------------------------------------------------
  0000  72 55 40 00 00 00 00 00 00 00 40 00 00 00 00 00   |rU@.......@.....|    0000  72 55 40 00 00 00 00 00 00 00 40 00 00 00 00 00   |rU@.......@.....|
  0010  00 00 40 00 00 00 00 00 00 00 40 00 00 00 00 00   |..@.......@.....|    0010  00 00 40 00 00 00 00 00 00 00 40 00 00 00 00 00   |..@.......@.....|
  0020  00 00 04 00 00 00 00 00 00 7e 78 00 00 00 00 00   |.........~x.....|    0020  00 00 04 00 00 00 00 00 00 7e 78 00 00 00 00 00   |.........~x.....|
  0030  00 7f 00 00 00 00 00 00 00 00 1a 00 00 00 00 00   |................|    0030  00 7f 00 00 00 00 00 00 00 00 1a 00 00 00 00 00   |................|
  0040  00 00 11 00 00 00 00 00 00 00 00 00 00 00 11 00   |................|    0040  00 00 11 00 00 00 00 00 00 00 00 00 00 00 11 00   |................|
  0050  00 00 00 00 00 00 00 00 03 00 10 00 00 00 00 00   |................|    0050  00 00 00 00 00 00 00 00 03 00 10 00 00 00 00 00   |................|
  0060  00 00 00 00 02 00 01 00 00 00 00 00 00 00 5c 00   |..............\.|    0060  00 00 00 00 02 00 01 00 00 00 00 00 00 00 8c 00   |................|  <-- diff @ 0x6e
  0070  00 00 00 00 00 00 10 00 00 00 00 00 00 00 67 02   |..............g.|    0070  00 00 00 00 00 00 40 00 00 00 00 00 00 00 67 02   |......@.......g.|  <-- diff @ 0x76
  0080  06 00 00 00 67 02 00 00 00 00 7b 02 6e 00 00 00   |....g.....{.n...|    0080  06 00 00 00 67 02 1a 00 00 00 71 06 9f 02 f8 ff   |....g.....q.....|  <-- diff @ 0x86,0x8a,0x8b,0x8c,0x8d,0x8e,0x8f
  0090  00 00 00 00 00 00 08 00 00 00 10 00 00 00 38 00   |..............8.|    0090  ff ff 73 06 86 05 e8 ff ff ff 36 00 00 00 67 02   |..s.......6...g.|  <-- diff @ 0x90,0x91,0x92,0x93,0x94,0x95,0x96,0x97,0x98,0x99,0x9a,0x9e,0x9f
  00a0  00 00 04 00 00 00 00 00 00 00 00 00 00 00 00 00   |................|    00a0  16 00 00 00 9f 02 f8 ff ff ff a4 05 e8 ff ff ff   |................|  <-- diff @ 0xa0,0xa2,0xa4,0xa5,0xa6,0xa7,0xa8,0xa9,0xaa,0xab,0xac,0xad,0xae,0xaf
  00b0  00 00 14 00 00 00 00 00 00 00 00 00 00 00 00 00   |................|    00b0  20 00 00 00 67 02 00 00 00 00 7b 02 32 00 00 00   | ...g.....{.2...|  <-- diff @ 0xb0,0xb2,0xb4,0xb5,0xba,0xbb,0xbc
  00c0  00 00 00 00 00 00 14 00 00 00 00 00 00 00 00 00   |................|    00c0  00 00 00 00 00 00 08 00 18 00 40 00 00 00 38 00   |..........@...8.|  <-- diff @ 0xc6,0xc8,0xca,0xce
  00d0  00 00 00 00 00 00 00 00 00 00 0c 00 00 00 00 00   |................|    00d0  00 00 04 00 00 00 00 00 00 00 00 00 00 00 00 00   |................|  <-- diff @ 0xd2,0xda
  00e0  00 12 00 00 61 01 00 00 00 00 00 00 00 00 02 00   |....a...........|    00e0  00 00 14 00 00 00 00 00 00 00 00 00 00 00 00 00   |................|  <-- diff @ 0xe1,0xe2,0xe4,0xe5,0xee
  00f0  1e 00 00 00 00 00 00 0e 00 00 53 00 14 34 00 00   |..........S..4..|    00f0  00 00 00 00 00 00 14 00 00 00 00 00 00 00 00 00   |................|  <-- diff @ 0xf0,0xf6,0xf7,0xfa,0xfc,0xfd
  0100  00 00 00 00 7f 00 00 00 00 00 00 00 00            |.............|     0100  00 00 00 00 00 00 00 00 00 00 0c 00 00 00 00 00   |................|  <-- diff @ 0x104,0x10a,0x10d
                                                                              0110  00 12 00 00 61 01 00 00 00 00 00 00 00 00 02 00   |....a...........|
                                                                              0120  1e 00 00 00 00 00 00 0e 00 00 53 00 14 34 00 00   |..........S..4..|
                                                                              0130  00 00 00 00 7f 00 00 00 00 00 00 00 00            |.............|

==============================================================================================================
  010 <-> 020    Std Module M vs Class Module C  (module kind)
  lens: 126 vs 174   diff_bytes: 33   first_diff_offsets: ['0x22', '0x2a', '0x3a', '0x4e', '0x4f', '0x50', '0x51', '0x52']
  LEFT  src: ''
  RIGHT src: ''
--------------------------------------------------------------------------------------------------------------
  0000  72 55 40 00 00 00 00 00 00 00 40 00 00 00 00 00   |rU@.......@.....|    0000  72 55 40 00 00 00 00 00 00 00 40 00 00 00 00 00   |rU@.......@.....|
  0010  00 00 40 00 00 00 00 00 00 00 40 00 00 00 00 00   |..@.......@.....|    0010  00 00 40 00 00 00 00 00 00 00 40 00 00 00 00 00   |..@.......@.....|
  0020  00 00 04 00 00 00 00 00 00 7e 78 00 00 00 00 00   |.........~x.....|    0020  00 00 02 00 00 00 00 00 00 7e 7a 00 00 00 00 00   |.........~z.....|  <-- diff @ 0x22,0x2a
  0030  00 7f 00 00 00 00 00 00 00 00 1a 00 00 00 00 00   |................|    0030  00 7f 00 00 00 00 00 00 00 00 12 00 00 00 00 00   |................|  <-- diff @ 0x3a
  0040  00 00 11 00 00 00 00 00 00 00 00 00 00 00 11 00   |................|    0040  00 00 11 00 00 00 00 00 00 00 00 00 00 00 ff ff   |................|  <-- diff @ 0x4e,0x4f
  0050  00 00 00 00 00 00 00 00 03 00 10 00 00 00 00 00   |................|    0050  ff ff ff ff ff ff ff ff ff ff ff ff ff ff ff ff   |................|  <-- diff @ 0x50,0x51,0x52,0x53,0x54,0x55,0x56,0x57,0x58,0x59,0x5a,0x5b,0x5c,0x5d,0x5e,0x5f
  0060  00 00 00 00 02 00 00 00 00 00 00 00 00 00 62 00   |..............b.|    0060  ff ff 00 00 00 00 11 00 00 00 00 00 00 00 00 00   |................|  <-- diff @ 0x60,0x61,0x64,0x66,0x6e
  0070  00 00 00 00 00 7f 00 00 00 00 00 00 00 00         |..............|    0070  03 00 06 00 00 00 00 00 00 09 c1 08 00 00 00 00   |................|  <-- diff @ 0x70,0x72,0x75,0x79,0x7a,0x7b,0x7e
                                                                              0080  00 00 00 00 00 00 11 08 00 00 00 00 00 00 00 00   |................|
                                                                              0090  00 00 10 00 00 00 00 00 00 00 00 00 01 00 62 00   |..............b.|
                                                                              00a0  00 00 00 00 00 7f 00 00 00 00 00 00 00 00         |..............|

==============================================================================================================
  010 <-> 030    empty Std Module vs empty Sub A
  lens: 126 vs 269   diff_bytes: 5   first_diff_offsets: ['0x66', '0x6e', '0x75', '0x76', '0x7e']
  LEFT  src: ''
  RIGHT src: 'Sub A()\nEnd Sub'
--------------------------------------------------------------------------------------------------------------
  0000  72 55 40 00 00 00 00 00 00 00 40 00 00 00 00 00   |rU@.......@.....|    0000  72 55 40 00 00 00 00 00 00 00 40 00 00 00 00 00   |rU@.......@.....|
  0010  00 00 40 00 00 00 00 00 00 00 40 00 00 00 00 00   |..@.......@.....|    0010  00 00 40 00 00 00 00 00 00 00 40 00 00 00 00 00   |..@.......@.....|
  0020  00 00 04 00 00 00 00 00 00 7e 78 00 00 00 00 00   |.........~x.....|    0020  00 00 04 00 00 00 00 00 00 7e 78 00 00 00 00 00   |.........~x.....|
  0030  00 7f 00 00 00 00 00 00 00 00 1a 00 00 00 00 00   |................|    0030  00 7f 00 00 00 00 00 00 00 00 1a 00 00 00 00 00   |................|
  0040  00 00 11 00 00 00 00 00 00 00 00 00 00 00 11 00   |................|    0040  00 00 11 00 00 00 00 00 00 00 00 00 00 00 11 00   |................|
  0050  00 00 00 00 00 00 00 00 03 00 10 00 00 00 00 00   |................|    0050  00 00 00 00 00 00 00 00 03 00 10 00 00 00 00 00   |................|
  0060  00 00 00 00 02 00 00 00 00 00 00 00 00 00 62 00   |..............b.|    0060  00 00 00 00 02 00 01 00 00 00 00 00 00 00 5c 00   |..............\.|  <-- diff @ 0x66,0x6e
  0070  00 00 00 00 00 7f 00 00 00 00 00 00 00 00         |..............|    0070  00 00 00 00 00 00 10 00 00 00 00 00 00 00 67 02   |..............g.|  <-- diff @ 0x75,0x76,0x7e
                                                                              0080  06 00 00 00 67 02 00 00 00 00 7b 02 6e 00 00 00   |....g.....{.n...|
                                                                              0090  00 00 00 00 00 00 08 00 00 00 10 00 00 00 38 00   |..............8.|
                                                                              00a0  00 00 04 00 00 00 00 00 00 00 00 00 00 00 00 00   |................|
                                                                              00b0  00 00 14 00 00 00 00 00 00 00 00 00 00 00 00 00   |................|
                                                                              00c0  00 00 00 00 00 00 14 00 00 00 00 00 00 00 00 00   |................|
                                                                              00d0  00 00 00 00 00 00 00 00 00 00 0c 00 00 00 00 00   |................|
                                                                              00e0  00 12 00 00 61 01 00 00 00 00 00 00 00 00 02 00   |....a...........|
                                                                              00f0  1e 00 00 00 00 00 00 0e 00 00 53 00 14 34 00 00   |..........S..4..|
                                                                              0100  00 00 00 00 7f 00 00 00 00 00 00 00 00            |.............|

==============================================================================================================
  030 <-> 031    Sub A() vs Sub B()  (proc-name token)
  lens: 269 vs 269   diff_bytes: 0   first_diff_offsets: []
  LEFT  src: 'Sub A()\nEnd Sub'
  RIGHT src: 'Sub B()\nEnd Sub'
--------------------------------------------------------------------------------------------------------------
  0000  72 55 40 00 00 00 00 00 00 00 40 00 00 00 00 00   |rU@.......@.....|    0000  72 55 40 00 00 00 00 00 00 00 40 00 00 00 00 00   |rU@.......@.....|
  0010  00 00 40 00 00 00 00 00 00 00 40 00 00 00 00 00   |..@.......@.....|    0010  00 00 40 00 00 00 00 00 00 00 40 00 00 00 00 00   |..@.......@.....|
  0020  00 00 04 00 00 00 00 00 00 7e 78 00 00 00 00 00   |.........~x.....|    0020  00 00 04 00 00 00 00 00 00 7e 78 00 00 00 00 00   |.........~x.....|
  0030  00 7f 00 00 00 00 00 00 00 00 1a 00 00 00 00 00   |................|    0030  00 7f 00 00 00 00 00 00 00 00 1a 00 00 00 00 00   |................|
  0040  00 00 11 00 00 00 00 00 00 00 00 00 00 00 11 00   |................|    0040  00 00 11 00 00 00 00 00 00 00 00 00 00 00 11 00   |................|
  0050  00 00 00 00 00 00 00 00 03 00 10 00 00 00 00 00   |................|    0050  00 00 00 00 00 00 00 00 03 00 10 00 00 00 00 00   |................|
  0060  00 00 00 00 02 00 01 00 00 00 00 00 00 00 5c 00   |..............\.|    0060  00 00 00 00 02 00 01 00 00 00 00 00 00 00 5c 00   |..............\.|
  0070  00 00 00 00 00 00 10 00 00 00 00 00 00 00 67 02   |..............g.|    0070  00 00 00 00 00 00 10 00 00 00 00 00 00 00 67 02   |..............g.|
  0080  06 00 00 00 67 02 00 00 00 00 7b 02 6e 00 00 00   |....g.....{.n...|    0080  06 00 00 00 67 02 00 00 00 00 7b 02 6e 00 00 00   |....g.....{.n...|
  0090  00 00 00 00 00 00 08 00 00 00 10 00 00 00 38 00   |..............8.|    0090  00 00 00 00 00 00 08 00 00 00 10 00 00 00 38 00   |..............8.|
  00a0  00 00 04 00 00 00 00 00 00 00 00 00 00 00 00 00   |................|    00a0  00 00 04 00 00 00 00 00 00 00 00 00 00 00 00 00   |................|
  00b0  00 00 14 00 00 00 00 00 00 00 00 00 00 00 00 00   |................|    00b0  00 00 14 00 00 00 00 00 00 00 00 00 00 00 00 00   |................|
  00c0  00 00 00 00 00 00 14 00 00 00 00 00 00 00 00 00   |................|    00c0  00 00 00 00 00 00 14 00 00 00 00 00 00 00 00 00   |................|
  00d0  00 00 00 00 00 00 00 00 00 00 0c 00 00 00 00 00   |................|    00d0  00 00 00 00 00 00 00 00 00 00 0c 00 00 00 00 00   |................|
  00e0  00 12 00 00 61 01 00 00 00 00 00 00 00 00 02 00   |....a...........|    00e0  00 12 00 00 61 01 00 00 00 00 00 00 00 00 02 00   |....a...........|
  00f0  1e 00 00 00 00 00 00 0e 00 00 53 00 14 34 00 00   |..........S..4..|    00f0  1e 00 00 00 00 00 00 0e 00 00 53 00 14 34 00 00   |..........S..4..|
  0100  00 00 00 00 7f 00 00 00 00 00 00 00 00            |.............|     0100  00 00 00 00 7f 00 00 00 00 00 00 00 00            |.............|

==============================================================================================================
  030 <-> 032    Sub A() vs Sub AB() (2-char proc name)
  lens: 269 vs 269   diff_bytes: 0   first_diff_offsets: []
  LEFT  src: 'Sub A()\nEnd Sub'
  RIGHT src: 'Sub AB()\nEnd Sub'
--------------------------------------------------------------------------------------------------------------
  0000  72 55 40 00 00 00 00 00 00 00 40 00 00 00 00 00   |rU@.......@.....|    0000  72 55 40 00 00 00 00 00 00 00 40 00 00 00 00 00   |rU@.......@.....|
  0010  00 00 40 00 00 00 00 00 00 00 40 00 00 00 00 00   |..@.......@.....|    0010  00 00 40 00 00 00 00 00 00 00 40 00 00 00 00 00   |..@.......@.....|
  0020  00 00 04 00 00 00 00 00 00 7e 78 00 00 00 00 00   |.........~x.....|    0020  00 00 04 00 00 00 00 00 00 7e 78 00 00 00 00 00   |.........~x.....|
  0030  00 7f 00 00 00 00 00 00 00 00 1a 00 00 00 00 00   |................|    0030  00 7f 00 00 00 00 00 00 00 00 1a 00 00 00 00 00   |................|
  0040  00 00 11 00 00 00 00 00 00 00 00 00 00 00 11 00   |................|    0040  00 00 11 00 00 00 00 00 00 00 00 00 00 00 11 00   |................|
  0050  00 00 00 00 00 00 00 00 03 00 10 00 00 00 00 00   |................|    0050  00 00 00 00 00 00 00 00 03 00 10 00 00 00 00 00   |................|
  0060  00 00 00 00 02 00 01 00 00 00 00 00 00 00 5c 00   |..............\.|    0060  00 00 00 00 02 00 01 00 00 00 00 00 00 00 5c 00   |..............\.|
  0070  00 00 00 00 00 00 10 00 00 00 00 00 00 00 67 02   |..............g.|    0070  00 00 00 00 00 00 10 00 00 00 00 00 00 00 67 02   |..............g.|
  0080  06 00 00 00 67 02 00 00 00 00 7b 02 6e 00 00 00   |....g.....{.n...|    0080  06 00 00 00 67 02 00 00 00 00 7b 02 6e 00 00 00   |....g.....{.n...|
  0090  00 00 00 00 00 00 08 00 00 00 10 00 00 00 38 00   |..............8.|    0090  00 00 00 00 00 00 08 00 00 00 10 00 00 00 38 00   |..............8.|
  00a0  00 00 04 00 00 00 00 00 00 00 00 00 00 00 00 00   |................|    00a0  00 00 04 00 00 00 00 00 00 00 00 00 00 00 00 00   |................|
  00b0  00 00 14 00 00 00 00 00 00 00 00 00 00 00 00 00   |................|    00b0  00 00 14 00 00 00 00 00 00 00 00 00 00 00 00 00   |................|
  00c0  00 00 00 00 00 00 14 00 00 00 00 00 00 00 00 00   |................|    00c0  00 00 00 00 00 00 14 00 00 00 00 00 00 00 00 00   |................|
  00d0  00 00 00 00 00 00 00 00 00 00 0c 00 00 00 00 00   |................|    00d0  00 00 00 00 00 00 00 00 00 00 0c 00 00 00 00 00   |................|
  00e0  00 12 00 00 61 01 00 00 00 00 00 00 00 00 02 00   |....a...........|    00e0  00 12 00 00 61 01 00 00 00 00 00 00 00 00 02 00   |....a...........|
  00f0  1e 00 00 00 00 00 00 0e 00 00 53 00 14 34 00 00   |..........S..4..|    00f0  1e 00 00 00 00 00 00 0e 00 00 53 00 14 34 00 00   |..........S..4..|
  0100  00 00 00 00 7f 00 00 00 00 00 00 00 00            |.............|     0100  00 00 00 00 7f 00 00 00 00 00 00 00 00            |.............|

