================================================================================
  040__sub_msgbox_hello.accdb   needle='hello'
  [ascii] hits: [(68, 0, 1482, 1347)]
  [utf-16-le] hits: [(69, 1, 1502, 1378)]
  -- page=69 slot=1 len=1502
  0000  93 4b 2a 9a 03 00 10 00 00 00 ff ff 00 00 00 00 01 00 02 00 ff ff 00 00 00 00 01 00 00 00 00 00   |.K*.............................|
  0020  00 00 00 00 01 00 02 00 00 00 00 00 00 00 01 00 05 00 05 00 05 00 05 00 05 00 05 00 05 00 05 00   |................................|
  0040  05 00 05 00 05 00 05 00 00 00 72 55 c0 00 00 00 00 00 00 00 40 00 00 00 00 00 00 00 40 00 00 00   |..........rU........@.......@...|
  0060  00 00 00 00 40 00 00 00 00 00 00 00 06 00 00 00 00 00 00 7e 02 00 00 00 00 00 00 7e 02 00 00 00   |....@..............~.......~....|
  0080  00 00 00 7e 02 00 00 00 00 00 00 7e 02 00 00 00 00 00 00 7e 04 00 00 00 00 00 00 7e 06 00 00 00   |...~.......~.......~.......~....|
  00a0  00 00 00 7e 58 00 00 00 00 00 00 7f 00 00 00 00 00 00 00 00 22 00 00 00 00 00 00 00 11 00 00 00   |...~X..............."...........|
  00c0  00 00 00 00 00 00 01 00 10 00 00 00 00 00 00 00 00 00 00 00 31 01 00 00 00 00 00 00 00 00 00 00   |....................1...........|
  00e0  a4 48 1b 10 55 35 26 4e 9f a4 56 d5 b0 ee aa 0c 01 00 09 04 00 00 09 04 00 00 e4 04 00 00 00 00   |.H..U5&N..V.....................|
  0100  00 00 01 00 ff ff ff ff ff ff ff ff 01 00 01 89 61 00 11 00 00 00 00 00 00 00 00 00 02 00 71 07   |................a.............q.|
  0120  00 00 00 00 00 00 00 00 00 00 ff ff ff ff ff ff ff ff d0 00 00 00 00 00 00 00 00 00 00 00 ff ff   |................................|
  0140  ff ff ff ff ff ff 01 00 51 07 00 00 00 00 00 00 00 00 00 00 ff ff 00 00 91 01 00 00 00 00 00 00   |........Q.......................|
  0160  00 00 00 00 04 00 a1 02 00 00 00 00 00 00 00 00 00 00 00 00 00 00 00 00 00 00 00 00 00 00 00 00   |................................|
  0180  00 00 11 04 00 00 00 00 00 00 00 00 00 00 00 00 00 00 00 00 00 00 00 00 00 00 00 00 00 00 41 05   |..............................A.|
  01a0  00 00 00 00 00 00 00 00 00 00 00 00 00 00 00 00 00 00 00 00 00 00 00 00 00 00 c1 06 00 00 00 00   |................................|
  01c0  00 00 00 00 00 00 00 00 00 00 00 00 00 00 00 00 00 00 00 00 00 00 06 00 00 00 00 00 00 02 13 00   |................................|
  01e0  00 00 00 00 00 00 62 61 73 65 6c 69 6e 65 5f 65 6d 70 74 79 5f 70 72 6f 6a 02 00 00 00 00 00 00   |......baseline_empty_proj.......|
  0200  02 07 00 00 00 00 00 00 00 4d 6f 64 75 6c 65 31 02 00 00 00 00 00 00 02 01 00 00 00 00 00 00 00   |.........Module1................|
  0220  4d 04 00 00 00 00 00 00 03 ef 04 02 00 00 00 00 00 c0 00 00 00 00 00 00 46 12 00 00 00 00 00 00   |M.......................F.......|
  0240  02 42 00 00 00 00 00 00 00 43 3a 5c 50 72 6f 67 72 61 6d 20 46 69 6c 65 73 5c 43 6f 6d 6d 6f 6e   |.B.......C:\Program Files\Common|
  0260  20 46 69 6c 65 73 5c 4d 69 63 72 6f 73 6f 66 74 20 53 68 61 72 65 64 5c 56 42 41 5c 56 42 41 37   | Files\Microsoft Shared\VBA\VBA7|
  0280  2e 31 5c 56 42 45 37 2e 44 4c 4c 02 00 00 00 00 00 00 02 03 00 00 00 00 00 00 00 56 42 41 10 00   |.1\VBE7.DLL................VBA..|
  02a0  00 00 00 00 00 0a b1 01 00 00 00 00 00 00 00 00 00 00 ff ff ff ff ff ff ff ff 04 00 02 00 09 00   |................................|
  02c0  00 00 e1 01 00 00 00 00 00 00 00 00 00 00 81 02 00 00 00 00 00 00 00 00 00 00 50 00 00 00 00 00   |..........................P.....|
  02e0  00 00 00 00 00 00 00 00 00 00 00 00 04 00 00 00 00 00 00 03 a0 c9 ff 4a 99 5f 1b 10 af 4e 00 aa   |.......................J._...N..|
  0300  00 3f 0f 07 10 00 00 00 00 00 00 02 39 00 00 00 00 00 00 00 43 3a 5c 50 72 6f 67 72 61 6d 20 46   |.?..........9.......C:\Program F|
  0320  69 6c 65 73 5c 4d 69 63 72 6f 73 6f 66 74 20 4f 66 66 69 63 65 5c 72 6f 6f 74 5c 4f 66 66 69 63   |iles\Microsoft Office\root\Offic|
  0340  65 31 36 5c 4d 53 41 43 43 2e 4f 4c 42 02 00 00 00 00 00 00 02 06 00 00 00 00 00 00 00 41 63 63   |e16\MSACC.OLB................Acc|
  0360  65 73 73 10 00 00 00 00 00 00 0a 31 03 00 00 00 00 00 00 00 00 00 00 ff ff ff ff ff ff ff ff 09   |ess........1....................|
  0380  00 00 00 00 00 00 00 61 03 00 00 00 00 00 00 00 00 00 00 f1 03 00 00 00 00 00 00 00 00 00 00 70   |.......a.......................p|
  03a0  00 00 00 00 00 00 00 00 00 00 00 00 00 00 00 00 00 04 00 00 00 00 00 00 03 30 04 02 00 00 00 00   |.........................0......|
  03c0  00 c0 00 00 00 00 00 00 46 08 00 00 00 00 00 00 02 1f 00 00 00 00 00 00 00 43 3a 5c 57 69 6e 64   |........F................C:\Wind|
  03e0  6f 77 73 5c 53 79 73 74 65 6d 33 32 5c 73 74 64 6f 6c 65 32 2e 74 6c 62 02 00 00 00 00 00 00 02   |ows\System32\stdole2.tlb........|
  0400  06 00 00 00 00 00 00 00 73 74 64 6f 6c 65 10 00 00 00 00 00 00 0a a1 04 00 00 00 00 00 00 00 00   |........stdole..................|
  0420  00 00 ff ff ff ff ff ff ff ff 02 00 00 00 00 00 00 00 d1 04 00 00 00 00 00 00 00 00 00 00 21 05   |..............................!.|
  0440  00 00 00 00 00 00 00 00 00 00 90 00 00 00 00 00 00 00 00 00 00 00 00 00 00 00 00 00 04 00 00 00   |................................|
  0460  00 00 00 03 da e1 c9 4a ad 5b c7 4a 86 e3 24 f4 cd ce ca 28 12 00 00 00 00 00 00 02 42 00 00 00   |.......J.[.J..$....(........B...|
  0480  00 00 00 00 43 3a 5c 50 72 6f 67 72 61 6d 20 46 69 6c 65 73 5c 43 6f 6d 6d 6f 6e 20 46 69 6c 65   |....C:\Program Files\Common File|
  04a0  73 5c 4d 69 63 72 6f 73 6f 66 74 20 53 68 61 72 65 64 5c 4f 46 46 49 43 45 31 36 5c 41 43 45 44   |s\Microsoft Shared\OFFICE16\ACED|
  04c0  41 4f 2e 44 4c 4c 02 00 00 00 00 00 00 02 03 00 00 00 00 00 00 00 44 41 4f 10 00 00 00 00 00 00   |AO.DLL................DAO.......|
  04e0  0a d1 05 00 00 00 00 00 00 00 00 00 00 ff ff ff ff ff ff ff ff 0c 00 00 00 00 00 00 00 01 06 00   |................................|
  0500  00 00 00 00 00 00 00 00 00 a1 06 00 00 00 00 00 00 00 00 00 00 b0 00 00 00 00 00 00 00 00 00 00   |................................|
  0520  00 00 00 00 00 00 00 02 00 00 00 00 00 00 02 01 00 00 00 00 00 00 00 41 06 00 00 00 00 00 00 0d   |.......................A........|
  0540  14 00 14 00 00 00 10 00 00 00 00 00 00 00 00 00 00 00 00 00 00 00 04 00 00 00 00 00 00 0b 0a 00   |................................|
  0560  00 00 68 00 65 00 6c 00 6c 00 6f 00 04 00 00 00 00 00 00 02 08 00 00 00 00 00 00 00 56 42 45 37   |..h.e.l.l.o.................VBE7|
  0580  2e 44 4c 4c 0e 00 00 00 00 00 00 07 e1 07 00 00 00 00 00 00 00 00 00 00 ff ff ff ff ff ff ff ff   |.DLL............................|
  05a0  53 02 0b 00 91 08 00 00 00 00 00 00 00 00 00 00 00 01 00 00 00 00 00 00 00 00 00 00 28 00 00 00   |S...........................(...|
  05c0  00 00 00 0e 02 05 7e 00 02 08 02 08 08 08 44 00 00 00 00 00 00 7f 00 00 00 00 00 00 00 00         |......~.......D...............|


================================================================================
  041__sub_msgbox_world.accdb   needle='world'
  [ascii] hits: [(68, 0, 1482, 1347)]
  [utf-16-le] hits: [(69, 1, 1502, 1378)]
  -- page=69 slot=1 len=1502
  0000  93 4b 2a 9a 03 00 10 00 00 00 ff ff 00 00 00 00 01 00 02 00 ff ff 00 00 00 00 01 00 00 00 00 00   |.K*.............................|
  0020  00 00 00 00 01 00 02 00 00 00 00 00 00 00 01 00 05 00 05 00 05 00 05 00 05 00 05 00 05 00 05 00   |................................|
  0040  05 00 05 00 05 00 05 00 00 00 72 55 c0 00 00 00 00 00 00 00 40 00 00 00 00 00 00 00 40 00 00 00   |..........rU........@.......@...|
  0060  00 00 00 00 40 00 00 00 00 00 00 00 06 00 00 00 00 00 00 7e 02 00 00 00 00 00 00 7e 02 00 00 00   |....@..............~.......~....|
  0080  00 00 00 7e 02 00 00 00 00 00 00 7e 02 00 00 00 00 00 00 7e 04 00 00 00 00 00 00 7e 06 00 00 00   |...~.......~.......~.......~....|
  00a0  00 00 00 7e 58 00 00 00 00 00 00 7f 00 00 00 00 00 00 00 00 22 00 00 00 00 00 00 00 11 00 00 00   |...~X..............."...........|
  00c0  00 00 00 00 00 00 01 00 10 00 00 00 00 00 00 00 00 00 00 00 31 01 00 00 00 00 00 00 00 00 00 00   |....................1...........|
  00e0  b8 65 6d 7d 28 95 b9 41 b6 da c0 7c 08 d1 3d 34 01 00 09 04 00 00 09 04 00 00 e4 04 00 00 00 00   |.em}(..A...|..=4................|
  0100  00 00 01 00 ff ff ff ff ff ff ff ff 01 00 01 89 61 00 11 00 00 00 00 00 00 00 00 00 02 00 71 07   |................a.............q.|
  0120  00 00 00 00 00 00 00 00 00 00 ff ff ff ff ff ff ff ff d0 00 00 00 00 00 00 00 00 00 00 00 ff ff   |................................|
  0140  ff ff ff ff ff ff 01 00 51 07 00 00 00 00 00 00 00 00 00 00 ff ff 00 00 91 01 00 00 00 00 00 00   |........Q.......................|
  0160  00 00 00 00 04 00 a1 02 00 00 00 00 00 00 00 00 00 00 00 00 00 00 00 00 00 00 00 00 00 00 00 00   |................................|
  0180  00 00 11 04 00 00 00 00 00 00 00 00 00 00 00 00 00 00 00 00 00 00 00 00 00 00 00 00 00 00 41 05   |..............................A.|
  01a0  00 00 00 00 00 00 00 00 00 00 00 00 00 00 00 00 00 00 00 00 00 00 00 00 00 00 c1 06 00 00 00 00   |................................|
  01c0  00 00 00 00 00 00 00 00 00 00 00 00 00 00 00 00 00 00 00 00 00 00 06 00 00 00 00 00 00 02 13 00   |................................|
  01e0  00 00 00 00 00 00 62 61 73 65 6c 69 6e 65 5f 65 6d 70 74 79 5f 70 72 6f 6a 02 00 00 00 00 00 00   |......baseline_empty_proj.......|
  0200  02 07 00 00 00 00 00 00 00 4d 6f 64 75 6c 65 31 02 00 00 00 00 00 00 02 01 00 00 00 00 00 00 00   |.........Module1................|
  0220  4d 04 00 00 00 00 00 00 03 ef 04 02 00 00 00 00 00 c0 00 00 00 00 00 00 46 12 00 00 00 00 00 00   |M.......................F.......|
  0240  02 42 00 00 00 00 00 00 00 43 3a 5c 50 72 6f 67 72 61 6d 20 46 69 6c 65 73 5c 43 6f 6d 6d 6f 6e   |.B.......C:\Program Files\Common|
  0260  20 46 69 6c 65 73 5c 4d 69 63 72 6f 73 6f 66 74 20 53 68 61 72 65 64 5c 56 42 41 5c 56 42 41 37   | Files\Microsoft Shared\VBA\VBA7|
  0280  2e 31 5c 56 42 45 37 2e 44 4c 4c 02 00 00 00 00 00 00 02 03 00 00 00 00 00 00 00 56 42 41 10 00   |.1\VBE7.DLL................VBA..|
  02a0  00 00 00 00 00 0a b1 01 00 00 00 00 00 00 00 00 00 00 ff ff ff ff ff ff ff ff 04 00 02 00 09 00   |................................|
  02c0  00 00 e1 01 00 00 00 00 00 00 00 00 00 00 81 02 00 00 00 00 00 00 00 00 00 00 50 00 00 00 00 00   |..........................P.....|
  02e0  00 00 00 00 00 00 00 00 00 00 00 00 04 00 00 00 00 00 00 03 a0 c9 ff 4a 99 5f 1b 10 af 4e 00 aa   |.......................J._...N..|
  0300  00 3f 0f 07 10 00 00 00 00 00 00 02 39 00 00 00 00 00 00 00 43 3a 5c 50 72 6f 67 72 61 6d 20 46   |.?..........9.......C:\Program F|
  0320  69 6c 65 73 5c 4d 69 63 72 6f 73 6f 66 74 20 4f 66 66 69 63 65 5c 72 6f 6f 74 5c 4f 66 66 69 63   |iles\Microsoft Office\root\Offic|
  0340  65 31 36 5c 4d 53 41 43 43 2e 4f 4c 42 02 00 00 00 00 00 00 02 06 00 00 00 00 00 00 00 41 63 63   |e16\MSACC.OLB................Acc|
  0360  65 73 73 10 00 00 00 00 00 00 0a 31 03 00 00 00 00 00 00 00 00 00 00 ff ff ff ff ff ff ff ff 09   |ess........1....................|
  0380  00 00 00 00 00 00 00 61 03 00 00 00 00 00 00 00 00 00 00 f1 03 00 00 00 00 00 00 00 00 00 00 70   |.......a.......................p|
  03a0  00 00 00 00 00 00 00 00 00 00 00 00 00 00 00 00 00 04 00 00 00 00 00 00 03 30 04 02 00 00 00 00   |.........................0......|
  03c0  00 c0 00 00 00 00 00 00 46 08 00 00 00 00 00 00 02 1f 00 00 00 00 00 00 00 43 3a 5c 57 69 6e 64   |........F................C:\Wind|
  03e0  6f 77 73 5c 53 79 73 74 65 6d 33 32 5c 73 74 64 6f 6c 65 32 2e 74 6c 62 02 00 00 00 00 00 00 02   |ows\System32\stdole2.tlb........|
  0400  06 00 00 00 00 00 00 00 73 74 64 6f 6c 65 10 00 00 00 00 00 00 0a a1 04 00 00 00 00 00 00 00 00   |........stdole..................|
  0420  00 00 ff ff ff ff ff ff ff ff 02 00 00 00 00 00 00 00 d1 04 00 00 00 00 00 00 00 00 00 00 21 05   |..............................!.|
  0440  00 00 00 00 00 00 00 00 00 00 90 00 00 00 00 00 00 00 00 00 00 00 00 00 00 00 00 00 04 00 00 00   |................................|
  0460  00 00 00 03 da e1 c9 4a ad 5b c7 4a 86 e3 24 f4 cd ce ca 28 12 00 00 00 00 00 00 02 42 00 00 00   |.......J.[.J..$....(........B...|
  0480  00 00 00 00 43 3a 5c 50 72 6f 67 72 61 6d 20 46 69 6c 65 73 5c 43 6f 6d 6d 6f 6e 20 46 69 6c 65   |....C:\Program Files\Common File|
  04a0  73 5c 4d 69 63 72 6f 73 6f 66 74 20 53 68 61 72 65 64 5c 4f 46 46 49 43 45 31 36 5c 41 43 45 44   |s\Microsoft Shared\OFFICE16\ACED|
  04c0  41 4f 2e 44 4c 4c 02 00 00 00 00 00 00 02 03 00 00 00 00 00 00 00 44 41 4f 10 00 00 00 00 00 00   |AO.DLL................DAO.......|
  04e0  0a d1 05 00 00 00 00 00 00 00 00 00 00 ff ff ff ff ff ff ff ff 0c 00 00 00 00 00 00 00 01 06 00   |................................|
  0500  00 00 00 00 00 00 00 00 00 a1 06 00 00 00 00 00 00 00 00 00 00 b0 00 00 00 00 00 00 00 00 00 00   |................................|
  0520  00 00 00 00 00 00 00 02 00 00 00 00 00 00 02 01 00 00 00 00 00 00 00 41 06 00 00 00 00 00 00 0d   |.......................A........|
  0540  14 00 14 00 00 00 10 00 00 00 00 00 00 00 00 00 00 00 00 00 00 00 04 00 00 00 00 00 00 0b 0a 00   |................................|
  0560  00 00 77 00 6f 00 72 00 6c 00 64 00 04 00 00 00 00 00 00 02 08 00 00 00 00 00 00 00 56 42 45 37   |..w.o.r.l.d.................VBE7|
  0580  2e 44 4c 4c 0e 00 00 00 00 00 00 07 e1 07 00 00 00 00 00 00 00 00 00 00 ff ff ff ff ff ff ff ff   |.DLL............................|
  05a0  53 02 0b 00 91 08 00 00 00 00 00 00 00 00 00 00 00 01 00 00 00 00 00 00 00 00 00 00 28 00 00 00   |S...........................(...|
  05c0  00 00 00 0e 02 05 7e 00 02 08 02 08 08 08 44 00 00 00 00 00 00 7f 00 00 00 00 00 00 00 00         |......~.......D...............|


================================================================================
  042__sub_msgbox_long.accdb   needle='a much longer literal that is clearly not stored inline'
  [ascii] hits: [(68, 0, 1594, 1347)]
  [utf-16-le] hits: [(69, 1, 1610, 1386)]
  -- page=69 slot=1 len=1610
  0000  93 4b 2a 9a 03 00 10 00 00 00 ff ff 00 00 00 00 01 00 02 00 ff ff 00 00 00 00 01 00 00 00 00 00   |.K*.............................|
  0020  00 00 00 00 01 00 02 00 00 00 00 00 00 00 01 00 05 00 05 00 05 00 05 00 05 00 05 00 05 00 05 00   |................................|
  0040  05 00 05 00 05 00 05 00 00 00 72 55 c0 00 00 00 00 00 00 00 40 00 00 00 00 00 00 00 40 00 00 00   |..........rU........@.......@...|
  0060  00 00 00 00 40 00 00 00 00 00 00 00 06 00 00 00 00 00 00 7e 02 00 00 00 00 00 00 7e 02 00 00 00   |....@..............~.......~....|
  0080  00 00 00 7e 02 00 00 00 00 00 00 7e 02 00 00 00 00 00 00 7e 04 00 00 00 00 00 00 7e 06 00 00 00   |...~.......~.......~.......~....|
  00a0  00 00 00 7e 58 00 00 00 00 00 00 7f 00 00 00 00 00 00 00 00 22 00 00 00 00 00 00 00 11 00 00 00   |...~X..............."...........|
  00c0  00 00 00 00 00 00 01 00 10 00 00 00 00 00 00 00 00 00 00 00 31 01 00 00 00 00 00 00 00 00 00 00   |....................1...........|
  00e0  93 35 c3 7f cc 25 05 46 8a 25 6e 91 8d 91 4a df 01 00 09 04 00 00 09 04 00 00 e4 04 00 00 00 00   |.5...%.F.%n...J.................|
  0100  00 00 01 00 ff ff ff ff ff ff ff ff 01 00 01 89 61 00 11 00 00 00 00 00 00 00 00 00 02 00 71 07   |................a.............q.|
  0120  00 00 00 00 00 00 00 00 00 00 ff ff ff ff ff ff ff ff d0 00 00 00 00 00 00 00 00 00 00 00 ff ff   |................................|
  0140  ff ff ff ff ff ff 01 00 51 07 00 00 00 00 00 00 00 00 00 00 ff ff 00 00 91 01 00 00 00 00 00 00   |........Q.......................|
  0160  00 00 00 00 04 00 a1 02 00 00 00 00 00 00 00 00 00 00 00 00 00 00 00 00 00 00 00 00 00 00 00 00   |................................|
  0180  00 00 11 04 00 00 00 00 00 00 00 00 00 00 00 00 00 00 00 00 00 00 00 00 00 00 00 00 00 00 41 05   |..............................A.|
  01a0  00 00 00 00 00 00 00 00 00 00 00 00 00 00 00 00 00 00 00 00 00 00 00 00 00 00 c1 06 00 00 00 00   |................................|
  01c0  00 00 00 00 00 00 00 00 00 00 00 00 00 00 00 00 00 00 00 00 00 00 06 00 00 00 00 00 00 02 13 00   |................................|
  01e0  00 00 00 00 00 00 62 61 73 65 6c 69 6e 65 5f 65 6d 70 74 79 5f 70 72 6f 6a 02 00 00 00 00 00 00   |......baseline_empty_proj.......|
  0200  02 07 00 00 00 00 00 00 00 4d 6f 64 75 6c 65 31 02 00 00 00 00 00 00 02 01 00 00 00 00 00 00 00   |.........Module1................|
  0220  4d 04 00 00 00 00 00 00 03 ef 04 02 00 00 00 00 00 c0 00 00 00 00 00 00 46 12 00 00 00 00 00 00   |M.......................F.......|
  0240  02 42 00 00 00 00 00 00 00 43 3a 5c 50 72 6f 67 72 61 6d 20 46 69 6c 65 73 5c 43 6f 6d 6d 6f 6e   |.B.......C:\Program Files\Common|
  0260  20 46 69 6c 65 73 5c 4d 69 63 72 6f 73 6f 66 74 20 53 68 61 72 65 64 5c 56 42 41 5c 56 42 41 37   | Files\Microsoft Shared\VBA\VBA7|
  0280  2e 31 5c 56 42 45 37 2e 44 4c 4c 02 00 00 00 00 00 00 02 03 00 00 00 00 00 00 00 56 42 41 10 00   |.1\VBE7.DLL................VBA..|
  02a0  00 00 00 00 00 0a b1 01 00 00 00 00 00 00 00 00 00 00 ff ff ff ff ff ff ff ff 04 00 02 00 09 00   |................................|
  02c0  00 00 e1 01 00 00 00 00 00 00 00 00 00 00 81 02 00 00 00 00 00 00 00 00 00 00 50 00 00 00 00 00   |..........................P.....|
  02e0  00 00 00 00 00 00 00 00 00 00 00 00 04 00 00 00 00 00 00 03 a0 c9 ff 4a 99 5f 1b 10 af 4e 00 aa   |.......................J._...N..|
  0300  00 3f 0f 07 10 00 00 00 00 00 00 02 39 00 00 00 00 00 00 00 43 3a 5c 50 72 6f 67 72 61 6d 20 46   |.?..........9.......C:\Program F|
  0320  69 6c 65 73 5c 4d 69 63 72 6f 73 6f 66 74 20 4f 66 66 69 63 65 5c 72 6f 6f 74 5c 4f 66 66 69 63   |iles\Microsoft Office\root\Offic|
  0340  65 31 36 5c 4d 53 41 43 43 2e 4f 4c 42 02 00 00 00 00 00 00 02 06 00 00 00 00 00 00 00 41 63 63   |e16\MSACC.OLB................Acc|
  0360  65 73 73 10 00 00 00 00 00 00 0a 31 03 00 00 00 00 00 00 00 00 00 00 ff ff ff ff ff ff ff ff 09   |ess........1....................|
  0380  00 00 00 00 00 00 00 61 03 00 00 00 00 00 00 00 00 00 00 f1 03 00 00 00 00 00 00 00 00 00 00 70   |.......a.......................p|
  03a0  00 00 00 00 00 00 00 00 00 00 00 00 00 00 00 00 00 04 00 00 00 00 00 00 03 30 04 02 00 00 00 00   |.........................0......|
  03c0  00 c0 00 00 00 00 00 00 46 08 00 00 00 00 00 00 02 1f 00 00 00 00 00 00 00 43 3a 5c 57 69 6e 64   |........F................C:\Wind|
  03e0  6f 77 73 5c 53 79 73 74 65 6d 33 32 5c 73 74 64 6f 6c 65 32 2e 74 6c 62 02 00 00 00 00 00 00 02   |ows\System32\stdole2.tlb........|
  0400  06 00 00 00 00 00 00 00 73 74 64 6f 6c 65 10 00 00 00 00 00 00 0a a1 04 00 00 00 00 00 00 00 00   |........stdole..................|
  0420  00 00 ff ff ff ff ff ff ff ff 02 00 00 00 00 00 00 00 d1 04 00 00 00 00 00 00 00 00 00 00 21 05   |..............................!.|
  0440  00 00 00 00 00 00 00 00 00 00 90 00 00 00 00 00 00 00 00 00 00 00 00 00 00 00 00 00 04 00 00 00   |................................|
  0460  00 00 00 03 da e1 c9 4a ad 5b c7 4a 86 e3 24 f4 cd ce ca 28 12 00 00 00 00 00 00 02 42 00 00 00   |.......J.[.J..$....(........B...|
  0480  00 00 00 00 43 3a 5c 50 72 6f 67 72 61 6d 20 46 69 6c 65 73 5c 43 6f 6d 6d 6f 6e 20 46 69 6c 65   |....C:\Program Files\Common File|
  04a0  73 5c 4d 69 63 72 6f 73 6f 66 74 20 53 68 61 72 65 64 5c 4f 46 46 49 43 45 31 36 5c 41 43 45 44   |s\Microsoft Shared\OFFICE16\ACED|
  04c0  41 4f 2e 44 4c 4c 02 00 00 00 00 00 00 02 03 00 00 00 00 00 00 00 44 41 4f 10 00 00 00 00 00 00   |AO.DLL................DAO.......|
  04e0  0a d1 05 00 00 00 00 00 00 00 00 00 00 ff ff ff ff ff ff ff ff 0c 00 00 00 00 00 00 00 01 06 00   |................................|
  0500  00 00 00 00 00 00 00 00 00 a1 06 00 00 00 00 00 00 00 00 00 00 b0 00 00 00 00 00 00 00 00 00 00   |................................|
  0520  00 00 00 00 00 00 00 02 00 00 00 00 00 00 02 01 00 00 00 00 00 00 00 41 06 00 00 00 00 00 00 0d   |.......................A........|
  0540  14 00 14 00 00 00 10 00 00 00 00 00 00 00 00 00 00 00 00 00 00 00 0a 00 00 00 00 00 00 7f 1e 00   |................................|
  0560  00 00 00 00 00 0b 6e 00 00 00 61 00 20 00 6d 00 75 00 63 00 68 00 20 00 6c 00 6f 00 6e 00 67 00   |......n...a. .m.u.c.h. .l.o.n.g.|
  0580  65 00 72 00 20 00 6c 00 69 00 74 00 65 00 72 00 61 00 6c 00 20 00 74 00 68 00 61 00 74 00 20 00   |e.r. .l.i.t.e.r.a.l. .t.h.a.t. .|
  05a0  69 00 73 00 20 00 63 00 6c 00 65 00 61 00 72 00 6c 00 79 00 20 00 6e 00 6f 00 74 00 20 00 73 00   |i.s. .c.l.e.a.r.l.y. .n.o.t. .s.|
  05c0  74 00 6f 00 72 00 65 00 64 00 20 00 69 00 6e 00 6c 00 69 00 6e 00 65 00 04 00 00 00 00 00 00 02   |t.o.r.e.d. .i.n.l.i.n.e.........|
  05e0  08 00 00 00 00 00 00 00 56 42 45 37 2e 44 4c 4c 0e 00 00 00 00 00 00 07 11 09 00 00 00 00 00 00   |........VBE7.DLL................|
  0600  00 00 00 00 ff ff ff ff ff ff ff ff 53 02 0b 00 c1 09 00 00 00 00 00 00 00 00 00 00 00 01 00 00   |............S...................|
  0620  00 00 00 00 00 00 00 00 28 00 00 00 00 00 00 0e 02 05 7e 00 02 08 02 08 08 08 1e 00 00 00 00 00   |........(.........~.............|
  0640  00 7f 00 00 00 00 00 00 00 00                                                                     |..........|


================================================================================
  049__sub_comment_only.accdb   needle='a comment'
  [ascii] hits: [(68, 0, 1245, 1115)]
  [utf-16-le] hits: []

